11745
matris:
[ x^5 x^12  x^9]
[ x^6  x^6  x^5]
[ x^3  x^5  x^9]
Katsayilar(b0,b1):
[ x^2, x^14 ]
Elemanlar(a11,a22):
[ x^5, x^6 ]
------------------------------
11874
matris:
[ x^5  x^6  x^3]
[x^12  x^6  x^5]
[ x^9  x^5  x^9]
Katsayilar(b0,b1):
[ x^11, x^8 ]
Elemanlar(a11,a22):
[ x^5, x^6 ]
------------------------------
12507
matris:
[ x^5  x^3  x^6]
[ x^9  x^9  x^5]
[x^12  x^5  x^6]
Katsayilar(b0,b1):
[ x^8, x^11 ]
Elemanlar(a11,a22):
[ x^5, x^9 ]
------------------------------
12588
matris:
[ x^5  x^9 x^12]
[ x^3  x^9  x^5]
[ x^6  x^5  x^6]
Katsayilar(b0,b1):
[ x^14, x^2 ]
Elemanlar(a11,a22):
[ x^5, x^9 ]
------------------------------
14473
matris:
[ x^6 x^12  x^5]
[ x^6  x^5  x^3]
[ x^5  x^9  x^9]
Katsayilar(b0,b1):
[ x^4, x^12 ]
Elemanlar(a11,a22):
[ x^6, x^5 ]
------------------------------
14608
matris:
[ x^6  x^6  x^5]
[x^12  x^5  x^9]
[ x^5  x^3  x^9]
Katsayilar(b0,b1):
[ x^13, x^12 ]
Elemanlar(a11,a22):
[ x^6, x^5 ]
------------------------------
15035
matris:
[ x^6  x^5 x^12]
[ x^5  x^9  x^9]
[ x^6  x^3  x^5]
Katsayilar(b0,b1):
[ x^12, x^4 ]
Elemanlar(a11,a22):
[ x^6, x^9 ]
------------------------------
15044
matris:
[ x^6  x^5  x^6]
[ x^5  x^9  x^3]
[x^12  x^9  x^5]
Katsayilar(b0,b1):
[ x^12, x^13 ]
Elemanlar(a11,a22):
[ x^6, x^9 ]
------------------------------
20445
matris:
[ x^8  x^3  x^5]
[ x^5  x^9  x^4]
[ x^6  x^3 x^10]
Katsayilar(b0,b1):
[ x^12, x^14 ]
Elemanlar(a11,a22):
[ x^8, x^9 ]
------------------------------
20461
matris:
[ x^8  x^5  x^6]
[ x^3  x^9  x^3]
[ x^5  x^4 x^10]
Katsayilar(b0,b1):
[ x^14, 1 ]
Elemanlar(a11,a22):
[ x^8, x^9 ]
------------------------------
20490
matris:
[ x^8  x^6  x^5]
[ x^5 x^10  x^4]
[ x^3  x^3  x^9]
Katsayilar(b0,b1):
[ 1, x^14 ]
Elemanlar(a11,a22):
[ x^8, x^10 ]
------------------------------
20698
matris:
[ x^8  x^5  x^3]
[ x^6 x^10  x^3]
[ x^5  x^4  x^9]
Katsayilar(b0,b1):
[ x^14, x^12 ]
Elemanlar(a11,a22):
[ x^8, x^10 ]
------------------------------
22294
matris:
[ x^9  x^3  x^5]
[ x^9  x^5 x^12]
[ x^5  x^6  x^6]
Katsayilar(b0,b1):
[ x, x^3 ]
Elemanlar(a11,a22):
[ x^9, x^5 ]
------------------------------
22384
matris:
[ x^9  x^9  x^5]
[ x^3  x^5  x^6]
[ x^5 x^12  x^6]
Katsayilar(b0,b1):
[ x^7, x^3 ]
Elemanlar(a11,a22):
[ x^9, x^5 ]
------------------------------
22547
matris:
[ x^9  x^5  x^3]
[ x^5  x^6  x^6]
[ x^9 x^12  x^5]
Katsayilar(b0,b1):
[ x^3, x ]
Elemanlar(a11,a22):
[ x^9, x^6 ]
------------------------------
22553
matris:
[ x^9  x^5  x^9]
[ x^5  x^6 x^12]
[ x^3  x^6  x^5]
Katsayilar(b0,b1):
[ x^3, x^7 ]
Elemanlar(a11,a22):
[ x^9, x^6 ]
------------------------------
22967
matris:
[ x^9  x^3  x^3]
[ x^5  x^8  x^6]
[ x^4  x^5 x^10]
Katsayilar(b0,b1):
[ x, x ]
Elemanlar(a11,a22):
[ x^9, x^8 ]
------------------------------
22998
matris:
[ x^9  x^5  x^4]
[ x^3  x^8  x^5]
[ x^3  x^6 x^10]
Katsayilar(b0,b1):
[ x^3, x^2 ]
Elemanlar(a11,a22):
[ x^9, x^8 ]
------------------------------
23192
matris:
[ x^9  x^3  x^3]
[ x^4 x^10  x^5]
[ x^5  x^6  x^8]
Katsayilar(b0,b1):
[ x, x ]
Elemanlar(a11,a22):
[ x^9, x^10 ]
------------------------------
23209
matris:
[ x^9  x^4  x^5]
[ x^3 x^10  x^6]
[ x^3  x^5  x^8]
Katsayilar(b0,b1):
[ x^2, x^3 ]
Elemanlar(a11,a22):
[ x^9, x^10 ]
------------------------------
25665
matris:
[x^10  x^5  x^4]
[ x^6  x^8  x^5]
[ x^3  x^3  x^9]
Katsayilar(b0,b1):
[ 1, x^14 ]
Elemanlar(a11,a22):
[ x^10, x^8 ]
------------------------------
25679
matris:
[x^10  x^6  x^3]
[ x^5  x^8  x^3]
[ x^4  x^5  x^9]
Katsayilar(b0,b1):
[ x, x^13 ]
Elemanlar(a11,a22):
[ x^10, x^8 ]
------------------------------
26072
matris:
[x^10  x^3  x^6]
[ x^4  x^9  x^5]
[ x^5  x^3  x^8]
Katsayilar(b0,b1):
[ x^13, x ]
Elemanlar(a11,a22):
[ x^10, x^9 ]
------------------------------
26086
matris:
[x^10  x^4  x^5]
[ x^3  x^9  x^3]
[ x^6  x^5  x^8]
Katsayilar(b0,b1):
[ x^14, 1 ]
Elemanlar(a11,a22):
[ x^10, x^9 ]
------------------------------
