9244
matris:
[ x^4  x^4  x^6]
[ x^5  x^8  x^8]
[ x^4  x^5 x^13]
Katsayilar(b0,b1):
[ x, x^3 ]
Elemanlar(a11,a22):
[ x^4, x^8 ]
------------------------------
9257
matris:
[ x^4  x^5  x^4]
[ x^4  x^8  x^5]
[ x^6  x^8 x^13]
Katsayilar(b0,b1):
[ x^2, x ]
Elemanlar(a11,a22):
[ x^4, x^8 ]
------------------------------
10368
matris:
[ x^4  x^4  x^5]
[ x^6 x^13  x^8]
[ x^4  x^5  x^8]
Katsayilar(b0,b1):
[ x, x^2 ]
Elemanlar(a11,a22):
[ x^4, x^13 ]
------------------------------
10397
matris:
[ x^4  x^6  x^4]
[ x^4 x^13  x^5]
[ x^5  x^8  x^8]
Katsayilar(b0,b1):
[ x^3, x ]
Elemanlar(a11,a22):
[ x^4, x^13 ]
------------------------------
11728
matris:
[ x^5 x^11  x^7]
[ x^7  x^6  x^4]
[ x^5  x^6  x^9]
Katsayilar(b0,b1):
[ x, x^12 ]
Elemanlar(a11,a22):
[ x^5, x^6 ]
------------------------------
11891
matris:
[ x^5  x^7  x^5]
[x^11  x^6  x^6]
[ x^7  x^4  x^9]
Katsayilar(b0,b1):
[ x^12, x^10 ]
Elemanlar(a11,a22):
[ x^5, x^6 ]
------------------------------
12538
matris:
[ x^5  x^5  x^7]
[ x^7  x^9  x^4]
[x^11  x^6  x^6]
Katsayilar(b0,b1):
[ x^10, x^12 ]
Elemanlar(a11,a22):
[ x^5, x^9 ]
------------------------------
12557
matris:
[ x^5  x^7 x^11]
[ x^5  x^9  x^6]
[ x^7  x^4  x^6]
Katsayilar(b0,b1):
[ x^12, x ]
Elemanlar(a11,a22):
[ x^5, x^9 ]
------------------------------
14459
matris:
[ x^6 x^11  x^6]
[ x^7  x^5  x^5]
[ x^4  x^7  x^9]
Katsayilar(b0,b1):
[ x^3, x^13 ]
Elemanlar(a11,a22):
[ x^6, x^5 ]
------------------------------
14622
matris:
[ x^6  x^7  x^4]
[x^11  x^5  x^7]
[ x^6  x^5  x^9]
Katsayilar(b0,b1):
[ x^14, x^11 ]
Elemanlar(a11,a22):
[ x^6, x^5 ]
------------------------------
15030
matris:
[ x^6  x^4  x^7]
[ x^6  x^9  x^5]
[x^11  x^7  x^5]
Katsayilar(b0,b1):
[ x^11, x^14 ]
Elemanlar(a11,a22):
[ x^6, x^9 ]
------------------------------
15049
matris:
[ x^6  x^6 x^11]
[ x^4  x^9  x^7]
[ x^7  x^5  x^5]
Katsayilar(b0,b1):
[ x^13, x^3 ]
Elemanlar(a11,a22):
[ x^6, x^9 ]
------------------------------
19785
matris:
[ x^8  x^4  x^5]
[ x^5  x^4  x^4]
[ x^8  x^6 x^13]
Katsayilar(b0,b1):
[ x^13, x^14 ]
Elemanlar(a11,a22):
[ x^8, x^4 ]
------------------------------
19788
matris:
[ x^8  x^5  x^8]
[ x^4  x^4  x^6]
[ x^5  x^4 x^13]
Katsayilar(b0,b1):
[ x^14, x^2 ]
Elemanlar(a11,a22):
[ x^8, x^4 ]
------------------------------
21195
matris:
[ x^8  x^8  x^5]
[ x^5 x^13  x^4]
[ x^4  x^6  x^4]
Katsayilar(b0,b1):
[ x^2, x^14 ]
Elemanlar(a11,a22):
[ x^8, x^13 ]
------------------------------
21374
matris:
[ x^8  x^5  x^4]
[ x^8 x^13  x^6]
[ x^5  x^4  x^4]
Katsayilar(b0,b1):
[ x^14, x^13 ]
Elemanlar(a11,a22):
[ x^8, x^13 ]
------------------------------
22325
matris:
[ x^9  x^5  x^6]
[ x^7  x^5 x^11]
[ x^4  x^7  x^6]
Katsayilar(b0,b1):
[ x^3, x^4 ]
Elemanlar(a11,a22):
[ x^9, x^5 ]
------------------------------
22353
matris:
[ x^9  x^7  x^4]
[ x^5  x^5  x^7]
[ x^6 x^11  x^6]
Katsayilar(b0,b1):
[ x^5, x^2 ]
Elemanlar(a11,a22):
[ x^9, x^5 ]
------------------------------
22536
matris:
[ x^9  x^4  x^7]
[ x^6  x^6 x^11]
[ x^5  x^7  x^5]
Katsayilar(b0,b1):
[ x^2, x^5 ]
Elemanlar(a11,a22):
[ x^9, x^6 ]
------------------------------
22564
matris:
[ x^9  x^6  x^5]
[ x^4  x^6  x^7]
[ x^7 x^11  x^5]
Katsayilar(b0,b1):
[ x^4, x^3 ]
Elemanlar(a11,a22):
[ x^9, x^6 ]
------------------------------
33269
matris:
[x^13  x^4  x^5]
[ x^6  x^4  x^4]
[ x^8  x^5  x^8]
Katsayilar(b0,b1):
[ x^12, x^13 ]
Elemanlar(a11,a22):
[ x^13, x^4 ]
------------------------------
33287
matris:
[x^13  x^6  x^8]
[ x^4  x^4  x^5]
[ x^5  x^4  x^8]
Katsayilar(b0,b1):
[ x^14, x ]
Elemanlar(a11,a22):
[ x^13, x^4 ]
------------------------------
33780
matris:
[x^13  x^8  x^6]
[ x^5  x^8  x^4]
[ x^4  x^5  x^4]
Katsayilar(b0,b1):
[ x, x^14 ]
Elemanlar(a11,a22):
[ x^13, x^8 ]
------------------------------
33958
matris:
[x^13  x^5  x^4]
[ x^8  x^8  x^5]
[ x^6  x^4  x^4]
Katsayilar(b0,b1):
[ x^13, x^12 ]
Elemanlar(a11,a22):
[ x^13, x^8 ]
------------------------------
