9243
matris:
[ x^4  x^4  x^5]
[ x^5  x^8  x^7]
[ x^5  x^6 x^13]
Katsayilar(b0,b1):
[ x, x^2 ]
Elemanlar(a11,a22):
[ x^4, x^8 ]
------------------------------
9258
matris:
[ x^4  x^5  x^5]
[ x^4  x^8  x^6]
[ x^5  x^7 x^13]
Katsayilar(b0,b1):
[ x^2, x^2 ]
Elemanlar(a11,a22):
[ x^4, x^8 ]
------------------------------
10382
matris:
[ x^4  x^5  x^4]
[ x^5 x^13  x^6]
[ x^5  x^7  x^8]
Katsayilar(b0,b1):
[ x^2, x ]
Elemanlar(a11,a22):
[ x^4, x^13 ]
------------------------------
10383
matris:
[ x^4  x^5  x^5]
[ x^5 x^13  x^7]
[ x^4  x^6  x^8]
Katsayilar(b0,b1):
[ x^2, x^2 ]
Elemanlar(a11,a22):
[ x^4, x^13 ]
------------------------------
11712
matris:
[ x^5 x^10  x^6]
[ x^8  x^6  x^4]
[ x^6  x^6  x^9]
Katsayilar(b0,b1):
[ 1, x^11 ]
Elemanlar(a11,a22):
[ x^5, x^6 ]
------------------------------
11729
matris:
[ x^5 x^11  x^8]
[ x^7  x^6  x^5]
[ x^4  x^5  x^9]
Katsayilar(b0,b1):
[ x, x^13 ]
Elemanlar(a11,a22):
[ x^5, x^6 ]
------------------------------
11890
matris:
[ x^5  x^7  x^4]
[x^11  x^6  x^5]
[ x^8  x^5  x^9]
Katsayilar(b0,b1):
[ x^12, x^9 ]
Elemanlar(a11,a22):
[ x^5, x^6 ]
------------------------------
11907
matris:
[ x^5  x^8  x^6]
[x^10  x^6  x^6]
[ x^6  x^4  x^9]
Katsayilar(b0,b1):
[ x^13, x^11 ]
Elemanlar(a11,a22):
[ x^5, x^6 ]
------------------------------
12523
matris:
[ x^5  x^4  x^7]
[ x^8  x^9  x^5]
[x^11  x^5  x^6]
Katsayilar(b0,b1):
[ x^9, x^12 ]
Elemanlar(a11,a22):
[ x^5, x^9 ]
------------------------------
12541
matris:
[ x^5  x^6 x^10]
[ x^6  x^9  x^6]
[ x^8  x^4  x^6]
Katsayilar(b0,b1):
[ x^11, 1 ]
Elemanlar(a11,a22):
[ x^5, x^9 ]
------------------------------
12554
matris:
[ x^5  x^6  x^8]
[ x^6  x^9  x^4]
[x^10  x^6  x^6]
Katsayilar(b0,b1):
[ x^11, x^13 ]
Elemanlar(a11,a22):
[ x^5, x^9 ]
------------------------------
12572
matris:
[ x^5  x^8 x^11]
[ x^4  x^9  x^5]
[ x^7  x^5  x^6]
Katsayilar(b0,b1):
[ x^13, x ]
Elemanlar(a11,a22):
[ x^5, x^9 ]
------------------------------
14412
matris:
[ x^6  x^8  x^4]
[x^10  x^5  x^6]
[ x^6  x^6  x^9]
Katsayilar(b0,b1):
[ 1, x^11 ]
Elemanlar(a11,a22):
[ x^6, x^5 ]
------------------------------
14444
matris:
[ x^6 x^10  x^6]
[ x^8  x^5  x^6]
[ x^4  x^6  x^9]
Katsayilar(b0,b1):
[ x^2, x^13 ]
Elemanlar(a11,a22):
[ x^6, x^5 ]
------------------------------
14458
matris:
[ x^6 x^11  x^5]
[ x^7  x^5  x^4]
[ x^5  x^8  x^9]
Katsayilar(b0,b1):
[ x^3, x^12 ]
Elemanlar(a11,a22):
[ x^6, x^5 ]
------------------------------
14623
matris:
[ x^6  x^7  x^5]
[x^11  x^5  x^8]
[ x^5  x^4  x^9]
Katsayilar(b0,b1):
[ x^14, x^12 ]
Elemanlar(a11,a22):
[ x^6, x^5 ]
------------------------------
15016
matris:
[ x^6  x^4  x^8]
[ x^6  x^9  x^6]
[x^10  x^6  x^5]
Katsayilar(b0,b1):
[ x^11, 1 ]
Elemanlar(a11,a22):
[ x^6, x^9 ]
------------------------------
15034
matris:
[ x^6  x^5 x^11]
[ x^5  x^9  x^8]
[ x^7  x^4  x^5]
Katsayilar(b0,b1):
[ x^12, x^3 ]
Elemanlar(a11,a22):
[ x^6, x^9 ]
------------------------------
15045
matris:
[ x^6  x^5  x^7]
[ x^5  x^9  x^4]
[x^11  x^8  x^5]
Katsayilar(b0,b1):
[ x^12, x^14 ]
Elemanlar(a11,a22):
[ x^6, x^9 ]
------------------------------
15048
matris:
[ x^6  x^6 x^10]
[ x^4  x^9  x^6]
[ x^8  x^6  x^5]
Katsayilar(b0,b1):
[ x^13, x^2 ]
Elemanlar(a11,a22):
[ x^6, x^9 ]
------------------------------
19771
matris:
[ x^8  x^4  x^6]
[ x^5  x^4  x^5]
[ x^7  x^5 x^13]
Katsayilar(b0,b1):
[ x^13, 1 ]
Elemanlar(a11,a22):
[ x^8, x^4 ]
------------------------------
19787
matris:
[ x^8  x^5  x^7]
[ x^4  x^4  x^5]
[ x^6  x^5 x^13]
Katsayilar(b0,b1):
[ x^14, x ]
Elemanlar(a11,a22):
[ x^8, x^4 ]
------------------------------
21164
matris:
[ x^8  x^6  x^4]
[ x^7 x^13  x^5]
[ x^5  x^5  x^4]
Katsayilar(b0,b1):
[ 1, x^13 ]
Elemanlar(a11,a22):
[ x^8, x^13 ]
------------------------------
21180
matris:
[ x^8  x^7  x^5]
[ x^6 x^13  x^5]
[ x^4  x^5  x^4]
Katsayilar(b0,b1):
[ x, x^14 ]
Elemanlar(a11,a22):
[ x^8, x^13 ]
------------------------------
22309
matris:
[ x^9  x^4  x^5]
[ x^8  x^5 x^11]
[ x^5  x^7  x^6]
Katsayilar(b0,b1):
[ x^2, x^3 ]
Elemanlar(a11,a22):
[ x^9, x^5 ]
------------------------------
22338
matris:
[ x^9  x^6  x^4]
[ x^6  x^5  x^8]
[ x^6 x^10  x^6]
Katsayilar(b0,b1):
[ x^4, x^2 ]
Elemanlar(a11,a22):
[ x^9, x^5 ]
------------------------------
22340
matris:
[ x^9  x^6  x^6]
[ x^6  x^5 x^10]
[ x^4  x^8  x^6]
Katsayilar(b0,b1):
[ x^4, x^4 ]
Elemanlar(a11,a22):
[ x^9, x^5 ]
------------------------------
22369
matris:
[ x^9  x^8  x^5]
[ x^4  x^5  x^7]
[ x^5 x^11  x^6]
Katsayilar(b0,b1):
[ x^6, x^3 ]
Elemanlar(a11,a22):
[ x^9, x^5 ]
------------------------------
22535
matris:
[ x^9  x^4  x^6]
[ x^6  x^6 x^10]
[ x^6  x^8  x^5]
Katsayilar(b0,b1):
[ x^2, x^4 ]
Elemanlar(a11,a22):
[ x^9, x^6 ]
------------------------------
22548
matris:
[ x^9  x^5  x^4]
[ x^5  x^6  x^7]
[ x^8 x^11  x^5]
Katsayilar(b0,b1):
[ x^3, x^2 ]
Elemanlar(a11,a22):
[ x^9, x^6 ]
------------------------------
22552
matris:
[ x^9  x^5  x^8]
[ x^5  x^6 x^11]
[ x^4  x^7  x^5]
Katsayilar(b0,b1):
[ x^3, x^6 ]
Elemanlar(a11,a22):
[ x^9, x^6 ]
------------------------------
22565
matris:
[ x^9  x^6  x^6]
[ x^4  x^6  x^8]
[ x^6 x^10  x^5]
Katsayilar(b0,b1):
[ x^4, x^4 ]
Elemanlar(a11,a22):
[ x^9, x^6 ]
------------------------------
33271
matris:
[x^13  x^5  x^7]
[ x^5  x^4  x^5]
[ x^6  x^4  x^8]
Katsayilar(b0,b1):
[ x^13, 1 ]
Elemanlar(a11,a22):
[ x^13, x^4 ]
------------------------------
33285
matris:
[x^13  x^5  x^6]
[ x^5  x^4  x^4]
[ x^7  x^5  x^8]
Katsayilar(b0,b1):
[ x^13, x^14 ]
Elemanlar(a11,a22):
[ x^13, x^4 ]
------------------------------
33764
matris:
[x^13  x^7  x^5]
[ x^6  x^8  x^4]
[ x^5  x^5  x^4]
Katsayilar(b0,b1):
[ 1, x^13 ]
Elemanlar(a11,a22):
[ x^13, x^8 ]
------------------------------
33974
matris:
[x^13  x^6  x^5]
[ x^7  x^8  x^5]
[ x^5  x^4  x^4]
Katsayilar(b0,b1):
[ x^14, x^13 ]
Elemanlar(a11,a22):
[ x^13, x^8 ]
------------------------------
