89407
matris:
[ x^4 x^11 x^12]
[x^22 x^12 x^24]
[x^22 x^23 x^15]
Katsayilar(b0,b1):
[ x, x^2 ]
Elemanlar(a11,a22):
[ x^4, x^12 ]
------------------------------
89758
matris:
[ x^4 x^22 x^22]
[x^11 x^12 x^23]
[x^12 x^24 x^15]
Katsayilar(b0,b1):
[ x^12, x^12 ]
Elemanlar(a11,a22):
[ x^4, x^12 ]
------------------------------
92320
matris:
[ x^4 x^12 x^11]
[x^22 x^15 x^23]
[x^22 x^24 x^12]
Katsayilar(b0,b1):
[ x^2, x ]
Elemanlar(a11,a22):
[ x^4, x^15 ]
------------------------------
92641
matris:
[ x^4 x^22 x^22]
[x^12 x^15 x^24]
[x^11 x^23 x^12]
Katsayilar(b0,b1):
[ x^12, x^12 ]
Elemanlar(a11,a22):
[ x^4, x^15 ]
------------------------------
168238
matris:
[ x^7 x^24 x^22]
[x^14  x^9 x^14]
[x^12 x^14 x^23]
Katsayilar(b0,b1):
[ x^2, 1 ]
Elemanlar(a11,a22):
[ x^7, x^9 ]
------------------------------
168910
matris:
[ x^7 x^14 x^12]
[x^24  x^9 x^14]
[x^22 x^14 x^23]
Katsayilar(b0,b1):
[ x^23, x^21 ]
Elemanlar(a11,a22):
[ x^7, x^9 ]
------------------------------
180671
matris:
[ x^7 x^22 x^24]
[x^12 x^23 x^14]
[x^14 x^14  x^9]
Katsayilar(b0,b1):
[ 1, x^2 ]
Elemanlar(a11,a22):
[ x^7, x^23 ]
------------------------------
181343
matris:
[ x^7 x^12 x^14]
[x^22 x^23 x^14]
[x^24 x^14  x^9]
Katsayilar(b0,b1):
[ x^21, x^23 ]
Elemanlar(a11,a22):
[ x^7, x^23 ]
------------------------------
221308
matris:
[ x^9 x^24 x^14]
[x^14  x^7 x^12]
[x^14 x^22 x^23]
Katsayilar(b0,b1):
[ x^8, x^29 ]
Elemanlar(a11,a22):
[ x^9, x^7 ]
------------------------------
221959
matris:
[ x^9 x^14 x^14]
[x^24  x^7 x^22]
[x^14 x^12 x^23]
Katsayilar(b0,b1):
[ x^29, x^29 ]
Elemanlar(a11,a22):
[ x^9, x^7 ]
------------------------------
224100
matris:
[ x^9 x^22 x^16]
[x^13 x^11 x^13]
[x^14 x^20 x^13]
Katsayilar(b0,b1):
[ x^6, 1 ]
Elemanlar(a11,a22):
[ x^9, x^11 ]
------------------------------
224107
matris:
[ x^9 x^22 x^23]
[x^13 x^11 x^20]
[ x^7 x^13 x^13]
Katsayilar(b0,b1):
[ x^6, x^7 ]
Elemanlar(a11,a22):
[ x^9, x^11 ]
------------------------------
224162
matris:
[ x^9 x^24 x^16]
[x^11 x^11 x^11]
[x^14 x^22 x^13]
Katsayilar(b0,b1):
[ x^8, 1 ]
Elemanlar(a11,a22):
[ x^9, x^11 ]
------------------------------
224749
matris:
[ x^9 x^11 x^14]
[x^24 x^11 x^22]
[x^16 x^11 x^13]
Katsayilar(b0,b1):
[ x^26, x^29 ]
Elemanlar(a11,a22):
[ x^9, x^11 ]
------------------------------
224804
matris:
[ x^9 x^13  x^7]
[x^22 x^11 x^13]
[x^23 x^20 x^13]
Katsayilar(b0,b1):
[ x^28, x^22 ]
Elemanlar(a11,a22):
[ x^9, x^11 ]
------------------------------
224811
matris:
[ x^9 x^13 x^14]
[x^22 x^11 x^20]
[x^16 x^13 x^13]
Katsayilar(b0,b1):
[ x^28, x^29 ]
Elemanlar(a11,a22):
[ x^9, x^11 ]
------------------------------
225211
matris:
[ x^9 x^26 x^11]
[x^13 x^12  x^8]
[x^12 x^22 x^22]
Katsayilar(b0,b1):
[ x^10, x^26 ]
Elemanlar(a11,a22):
[ x^9, x^12 ]
------------------------------
225770
matris:
[ x^9 x^13 x^12]
[x^26 x^12 x^22]
[x^11  x^8 x^22]
Katsayilar(b0,b1):
[ x^28, x^27 ]
Elemanlar(a11,a22):
[ x^9, x^12 ]
------------------------------
225842
matris:
[ x^9 x^16 x^22]
[x^14 x^13 x^20]
[x^13 x^13 x^11]
Katsayilar(b0,b1):
[ 1, x^6 ]
Elemanlar(a11,a22):
[ x^9, x^13 ]
------------------------------
225844
matris:
[ x^9 x^16 x^24]
[x^14 x^13 x^22]
[x^11 x^11 x^11]
Katsayilar(b0,b1):
[ 1, x^8 ]
Elemanlar(a11,a22):
[ x^9, x^13 ]
------------------------------
226059
matris:
[ x^9 x^23 x^22]
[ x^7 x^13 x^13]
[x^13 x^20 x^11]
Katsayilar(b0,b1):
[ x^7, x^6 ]
Elemanlar(a11,a22):
[ x^9, x^13 ]
------------------------------
226546
matris:
[ x^9  x^7 x^13]
[x^23 x^13 x^20]
[x^22 x^13 x^11]
Katsayilar(b0,b1):
[ x^22, x^28 ]
Elemanlar(a11,a22):
[ x^9, x^13 ]
------------------------------
226761
matris:
[ x^9 x^14 x^11]
[x^16 x^13 x^11]
[x^24 x^22 x^11]
Katsayilar(b0,b1):
[ x^29, x^26 ]
Elemanlar(a11,a22):
[ x^9, x^13 ]
------------------------------
226763
matris:
[ x^9 x^14 x^13]
[x^16 x^13 x^13]
[x^22 x^20 x^11]
Katsayilar(b0,b1):
[ x^29, x^28 ]
Elemanlar(a11,a22):
[ x^9, x^13 ]
------------------------------
227725
matris:
[ x^9 x^14 x^14]
[x^15 x^14 x^13]
[x^13 x^11 x^19]
Katsayilar(b0,b1):
[ x^29, x^29 ]
Elemanlar(a11,a22):
[ x^9, x^14 ]
------------------------------
227755
matris:
[ x^9 x^15 x^13]
[x^14 x^14 x^11]
[x^14 x^13 x^19]
Katsayilar(b0,b1):
[ x^30, x^28 ]
Elemanlar(a11,a22):
[ x^9, x^14 ]
------------------------------
231539
matris:
[ x^9 x^13 x^15]
[x^14 x^19 x^13]
[x^14 x^11 x^14]
Katsayilar(b0,b1):
[ x^28, x^30 ]
Elemanlar(a11,a22):
[ x^9, x^19 ]
------------------------------
231569
matris:
[ x^9 x^14 x^14]
[x^13 x^19 x^11]
[x^15 x^13 x^14]
Katsayilar(b0,b1):
[ x^29, x^29 ]
Elemanlar(a11,a22):
[ x^9, x^19 ]
------------------------------
234340
matris:
[ x^9 x^11 x^26]
[x^12 x^22 x^22]
[x^13  x^8 x^12]
Katsayilar(b0,b1):
[ x^26, x^10 ]
Elemanlar(a11,a22):
[ x^9, x^22 ]
------------------------------
234389
matris:
[ x^9 x^12 x^13]
[x^11 x^22  x^8]
[x^26 x^22 x^12]
Katsayilar(b0,b1):
[ x^27, x^28 ]
Elemanlar(a11,a22):
[ x^9, x^22 ]
------------------------------
235392
matris:
[ x^9 x^14 x^24]
[x^14 x^23 x^22]
[x^14 x^12  x^7]
Katsayilar(b0,b1):
[ x^29, x^8 ]
Elemanlar(a11,a22):
[ x^9, x^23 ]
------------------------------
235413
matris:
[ x^9 x^14 x^14]
[x^14 x^23 x^12]
[x^24 x^22  x^7]
Katsayilar(b0,b1):
[ x^29, x^29 ]
Elemanlar(a11,a22):
[ x^9, x^23 ]
------------------------------
251110
matris:
[x^10 x^13 x^13]
[x^14 x^12 x^23]
[ x^6 x^15 x^24]
Katsayilar(b0,b1):
[ x^9, x^9 ]
Elemanlar(a11,a22):
[ x^10, x^12 ]
------------------------------
251111
matris:
[x^10 x^13 x^14]
[x^14 x^12 x^24]
[ x^5 x^14 x^24]
Katsayilar(b0,b1):
[ x^9, x^10 ]
Elemanlar(a11,a22):
[ x^10, x^12 ]
------------------------------
251133
matris:
[x^10 x^14  x^5]
[x^13 x^12 x^14]
[x^14 x^24 x^24]
Katsayilar(b0,b1):
[ x^10, x ]
Elemanlar(a11,a22):
[ x^10, x^12 ]
------------------------------
251134
matris:
[x^10 x^14  x^6]
[x^13 x^12 x^15]
[x^13 x^23 x^24]
Katsayilar(b0,b1):
[ x^10, x^2 ]
Elemanlar(a11,a22):
[ x^10, x^12 ]
------------------------------
262395
matris:
[x^10  x^5 x^14]
[x^14 x^24 x^24]
[x^13 x^14 x^12]
Katsayilar(b0,b1):
[ x, x^10 ]
Elemanlar(a11,a22):
[ x^10, x^24 ]
------------------------------
262426
matris:
[x^10  x^6 x^14]
[x^13 x^24 x^23]
[x^13 x^15 x^12]
Katsayilar(b0,b1):
[ x^2, x^10 ]
Elemanlar(a11,a22):
[ x^10, x^24 ]
------------------------------
262642
matris:
[x^10 x^13 x^13]
[ x^6 x^24 x^15]
[x^14 x^23 x^12]
Katsayilar(b0,b1):
[ x^9, x^9 ]
Elemanlar(a11,a22):
[ x^10, x^24 ]
------------------------------
262673
matris:
[x^10 x^14 x^13]
[ x^5 x^24 x^14]
[x^14 x^24 x^12]
Katsayilar(b0,b1):
[ x^10, x^9 ]
Elemanlar(a11,a22):
[ x^10, x^24 ]
------------------------------
276863
matris:
[x^11 x^22 x^20]
[x^13  x^9 x^14]
[x^13 x^16 x^13]
Katsayilar(b0,b1):
[ x^3, x ]
Elemanlar(a11,a22):
[ x^11, x^9 ]
------------------------------
276887
matris:
[x^11 x^22 x^13]
[x^13  x^9  x^7]
[x^20 x^23 x^13]
Katsayilar(b0,b1):
[ x^3, x^25 ]
Elemanlar(a11,a22):
[ x^11, x^9 ]
------------------------------
276927
matris:
[x^11 x^24 x^22]
[x^11  x^9 x^14]
[x^11 x^16 x^13]
Katsayilar(b0,b1):
[ x^5, x^3 ]
Elemanlar(a11,a22):
[ x^11, x^9 ]
------------------------------
277505
matris:
[x^11 x^11 x^11]
[x^24  x^9 x^16]
[x^22 x^14 x^13]
Katsayilar(b0,b1):
[ x^23, x^23 ]
Elemanlar(a11,a22):
[ x^11, x^9 ]
------------------------------
277545
matris:
[x^11 x^13 x^20]
[x^22  x^9 x^23]
[x^13  x^7 x^13]
Katsayilar(b0,b1):
[ x^25, x ]
Elemanlar(a11,a22):
[ x^11, x^9 ]
------------------------------
277569
matris:
[x^11 x^13 x^13]
[x^22  x^9 x^16]
[x^20 x^14 x^13]
Katsayilar(b0,b1):
[ x^25, x^25 ]
Elemanlar(a11,a22):
[ x^11, x^9 ]
------------------------------
279686
matris:
[x^11 x^20 x^22]
[x^13 x^13 x^16]
[x^13 x^14  x^9]
Katsayilar(b0,b1):
[ x, x^3 ]
Elemanlar(a11,a22):
[ x^11, x^13 ]
------------------------------
279708
matris:
[x^11 x^20 x^13]
[x^13 x^13  x^7]
[x^22 x^23  x^9]
Katsayilar(b0,b1):
[ x, x^25 ]
Elemanlar(a11,a22):
[ x^11, x^13 ]
------------------------------
279750
matris:
[x^11 x^22 x^24]
[x^11 x^13 x^16]
[x^11 x^14  x^9]
Katsayilar(b0,b1):
[ x^3, x^5 ]
Elemanlar(a11,a22):
[ x^11, x^13 ]
------------------------------
280388
matris:
[x^11 x^11 x^11]
[x^22 x^13 x^14]
[x^24 x^16  x^9]
Katsayilar(b0,b1):
[ x^23, x^23 ]
Elemanlar(a11,a22):
[ x^11, x^13 ]
------------------------------
280430
matris:
[x^11 x^13 x^22]
[x^20 x^13 x^23]
[x^13  x^7  x^9]
Katsayilar(b0,b1):
[ x^25, x^3 ]
Elemanlar(a11,a22):
[ x^11, x^13 ]
------------------------------
280452
matris:
[x^11 x^13 x^13]
[x^20 x^13 x^14]
[x^22 x^16  x^9]
Katsayilar(b0,b1):
[ x^25, x^25 ]
Elemanlar(a11,a22):
[ x^11, x^13 ]
------------------------------
299461
matris:
[x^12 x^11 x^23]
[x^22  x^4 x^22]
[x^24 x^12 x^15]
Katsayilar(b0,b1):
[ x^19, 1 ]
Elemanlar(a11,a22):
[ x^12, x^4 ]
------------------------------
299803
matris:
[x^12 x^22 x^24]
[x^11  x^4 x^12]
[x^23 x^22 x^15]
Katsayilar(b0,b1):
[ x^30, x ]
Elemanlar(a11,a22):
[ x^12, x^4 ]
------------------------------
303800
matris:
[x^12 x^26 x^22]
[x^13  x^9 x^12]
[ x^8 x^11 x^22]
Katsayilar(b0,b1):
[ x^3, x^30 ]
Elemanlar(a11,a22):
[ x^12, x^9 ]
------------------------------
304344
matris:
[x^12 x^13  x^8]
[x^26  x^9 x^11]
[x^22 x^12 x^22]
Katsayilar(b0,b1):
[ x^21, x^16 ]
Elemanlar(a11,a22):
[ x^12, x^9 ]
------------------------------
305311
matris:
[x^12 x^13 x^14]
[x^14 x^10  x^5]
[x^24 x^14 x^24]
Katsayilar(b0,b1):
[ x^21, x^22 ]
Elemanlar(a11,a22):
[ x^12, x^10 ]
------------------------------
305312
matris:
[x^12 x^13 x^15]
[x^14 x^10  x^6]
[x^23 x^13 x^24]
Katsayilar(b0,b1):
[ x^21, x^23 ]
Elemanlar(a11,a22):
[ x^12, x^10 ]
------------------------------
305320
matris:
[x^12 x^14 x^23]
[x^13 x^10 x^13]
[x^15  x^6 x^24]
Katsayilar(b0,b1):
[ x^22, 1 ]
Elemanlar(a11,a22):
[ x^12, x^10 ]
------------------------------
305321
matris:
[x^12 x^14 x^24]
[x^13 x^10 x^14]
[x^14  x^5 x^24]
Katsayilar(b0,b1):
[ x^22, x ]
Elemanlar(a11,a22):
[ x^12, x^10 ]
------------------------------
308501
matris:
[x^12 x^23 x^11]
[x^24 x^15 x^12]
[x^22 x^22  x^4]
Katsayilar(b0,b1):
[ 1, x^19 ]
Elemanlar(a11,a22):
[ x^12, x^15 ]
------------------------------
308543
matris:
[x^12 x^24 x^22]
[x^23 x^15 x^22]
[x^11 x^12  x^4]
Katsayilar(b0,b1):
[ x, x^30 ]
Elemanlar(a11,a22):
[ x^12, x^15 ]
------------------------------
315726
matris:
[x^12  x^8 x^13]
[x^22 x^22 x^12]
[x^26 x^11  x^9]
Katsayilar(b0,b1):
[ x^16, x^21 ]
Elemanlar(a11,a22):
[ x^12, x^22 ]
------------------------------
316142
matris:
[x^12 x^22 x^26]
[ x^8 x^22 x^11]
[x^13 x^12  x^9]
Katsayilar(b0,b1):
[ x^30, x^3 ]
Elemanlar(a11,a22):
[ x^12, x^22 ]
------------------------------
316192
matris:
[x^12 x^23 x^14]
[x^15 x^24  x^6]
[x^13 x^13 x^10]
Katsayilar(b0,b1):
[ 1, x^22 ]
Elemanlar(a11,a22):
[ x^12, x^24 ]
------------------------------
316223
matris:
[x^12 x^24 x^14]
[x^14 x^24  x^5]
[x^13 x^14 x^10]
Katsayilar(b0,b1):
[ x, x^22 ]
Elemanlar(a11,a22):
[ x^12, x^24 ]
------------------------------
316873
matris:
[x^12 x^14 x^13]
[x^24 x^24 x^14]
[x^14  x^5 x^10]
Katsayilar(b0,b1):
[ x^22, x^21 ]
Elemanlar(a11,a22):
[ x^12, x^24 ]
------------------------------
316904
matris:
[x^12 x^15 x^13]
[x^23 x^24 x^13]
[x^14  x^6 x^10]
Katsayilar(b0,b1):
[ x^23, x^21 ]
Elemanlar(a11,a22):
[ x^12, x^24 ]
------------------------------
330591
matris:
[x^13 x^14 x^20]
[x^16  x^9 x^22]
[x^13 x^13 x^11]
Katsayilar(b0,b1):
[ 1, x^6 ]
Elemanlar(a11,a22):
[ x^13, x^9 ]
------------------------------
330593
matris:
[x^13 x^14 x^22]
[x^16  x^9 x^24]
[x^11 x^11 x^11]
Katsayilar(b0,b1):
[ 1, x^8 ]
Elemanlar(a11,a22):
[ x^13, x^9 ]
------------------------------
330675
matris:
[x^13 x^16 x^11]
[x^14  x^9 x^11]
[x^22 x^24 x^11]
Katsayilar(b0,b1):
[ x^2, x^28 ]
Elemanlar(a11,a22):
[ x^13, x^9 ]
------------------------------
330677
matris:
[x^13 x^16 x^13]
[x^14  x^9 x^13]
[x^20 x^22 x^11]
Katsayilar(b0,b1):
[ x^2, x^30 ]
Elemanlar(a11,a22):
[ x^13, x^9 ]
------------------------------
330870
matris:
[x^13 x^23 x^20]
[ x^7  x^9 x^13]
[x^13 x^22 x^11]
Katsayilar(b0,b1):
[ x^9, x^6 ]
Elemanlar(a11,a22):
[ x^13, x^9 ]
------------------------------
331359
matris:
[x^13  x^7 x^13]
[x^23  x^9 x^22]
[x^20 x^13 x^11]
Katsayilar(b0,b1):
[ x^24, x^30 ]
Elemanlar(a11,a22):
[ x^13, x^9 ]
------------------------------
332693
matris:
[x^13 x^20 x^14]
[x^13 x^11 x^13]
[x^16 x^22  x^9]
Katsayilar(b0,b1):
[ x^6, 1 ]
Elemanlar(a11,a22):
[ x^13, x^11 ]
------------------------------
332702
matris:
[x^13 x^20 x^23]
[x^13 x^11 x^22]
[ x^7 x^13  x^9]
Katsayilar(b0,b1):
[ x^6, x^9 ]
Elemanlar(a11,a22):
[ x^13, x^11 ]
------------------------------
332755
matris:
[x^13 x^22 x^14]
[x^11 x^11 x^11]
[x^16 x^24  x^9]
Katsayilar(b0,b1):
[ x^8, 1 ]
Elemanlar(a11,a22):
[ x^13, x^11 ]
------------------------------
333377
matris:
[x^13 x^11 x^16]
[x^22 x^11 x^24]
[x^14 x^11  x^9]
Katsayilar(b0,b1):
[ x^28, x^2 ]
Elemanlar(a11,a22):
[ x^13, x^11 ]
------------------------------
333439
matris:
[x^13 x^13 x^16]
[x^20 x^11 x^22]
[x^14 x^13  x^9]
Katsayilar(b0,b1):
[ x^30, x^2 ]
Elemanlar(a11,a22):
[ x^13, x^11 ]
------------------------------
333461
matris:
[x^13 x^13  x^7]
[x^20 x^11 x^13]
[x^23 x^22  x^9]
Katsayilar(b0,b1):
[ x^30, x^24 ]
Elemanlar(a11,a22):
[ x^13, x^11 ]
------------------------------
357553
matris:
[x^14 x^14 x^11]
[x^15  x^9 x^13]
[x^13 x^14 x^19]
Katsayilar(b0,b1):
[ x, x^29 ]
Elemanlar(a11,a22):
[ x^14, x^9 ]
------------------------------
357555
matris:
[x^14 x^15 x^13]
[x^14  x^9 x^14]
[x^11 x^13 x^19]
Katsayilar(b0,b1):
[ x^2, 1 ]
Elemanlar(a11,a22):
[ x^14, x^9 ]
------------------------------
365183
matris:
[x^14 x^13 x^15]
[x^11 x^19 x^13]
[x^14 x^14  x^9]
Katsayilar(b0,b1):
[ 1, x^2 ]
Elemanlar(a11,a22):
[ x^14, x^19 ]
------------------------------
366081
matris:
[x^14 x^11 x^14]
[x^13 x^19 x^14]
[x^15 x^13  x^9]
Katsayilar(b0,b1):
[ x^29, x ]
Elemanlar(a11,a22):
[ x^14, x^19 ]
------------------------------
380185
matris:
[x^15 x^12 x^24]
[x^22  x^4 x^22]
[x^23 x^11 x^12]
Katsayilar(b0,b1):
[ x^19, 1 ]
Elemanlar(a11,a22):
[ x^15, x^4 ]
------------------------------
380525
matris:
[x^15 x^22 x^23]
[x^12  x^4 x^11]
[x^24 x^22 x^12]
Katsayilar(b0,b1):
[ x^29, x^30 ]
Elemanlar(a11,a22):
[ x^15, x^4 ]
------------------------------
387303
matris:
[x^15 x^24 x^12]
[x^23 x^12 x^11]
[x^22 x^22  x^4]
Katsayilar(b0,b1):
[ 1, x^19 ]
Elemanlar(a11,a22):
[ x^15, x^12 ]
------------------------------
388243
matris:
[x^15 x^23 x^22]
[x^24 x^12 x^22]
[x^12 x^11  x^4]
Katsayilar(b0,b1):
[ x^30, x^29 ]
Elemanlar(a11,a22):
[ x^15, x^12 ]
------------------------------
492095
matris:
[x^19 x^13 x^11]
[x^14  x^9 x^14]
[x^13 x^15 x^14]
Katsayilar(b0,b1):
[ x^2, 1 ]
Elemanlar(a11,a22):
[ x^19, x^9 ]
------------------------------
492128
matris:
[x^19 x^14 x^13]
[x^13  x^9 x^15]
[x^11 x^14 x^14]
Katsayilar(b0,b1):
[ x^3, x^2 ]
Elemanlar(a11,a22):
[ x^19, x^9 ]
------------------------------
495879
matris:
[x^19 x^11 x^13]
[x^13 x^14 x^15]
[x^14 x^14  x^9]
Katsayilar(b0,b1):
[ 1, x^2 ]
Elemanlar(a11,a22):
[ x^19, x^14 ]
------------------------------
495942
matris:
[x^19 x^13 x^14]
[x^11 x^14 x^14]
[x^13 x^15  x^9]
Katsayilar(b0,b1):
[ x^2, x^3 ]
Elemanlar(a11,a22):
[ x^19, x^14 ]
------------------------------
504566
matris:
[x^19 x^12 x^20]
[x^14 x^24 x^23]
[x^12 x^13 x^25]
Katsayilar(b0,b1):
[ x, x^9 ]
Elemanlar(a11,a22):
[ x^19, x^24 ]
------------------------------
504589
matris:
[x^19 x^13 x^12]
[x^13 x^24 x^14]
[x^20 x^22 x^25]
Katsayilar(b0,b1):
[ x^2, x ]
Elemanlar(a11,a22):
[ x^19, x^24 ]
------------------------------
504597
matris:
[x^19 x^13 x^20]
[x^13 x^24 x^22]
[x^12 x^14 x^25]
Katsayilar(b0,b1):
[ x^2, x^9 ]
Elemanlar(a11,a22):
[ x^19, x^24 ]
------------------------------
504620
matris:
[x^19 x^14 x^12]
[x^12 x^24 x^13]
[x^20 x^23 x^25]
Katsayilar(b0,b1):
[ x^3, x ]
Elemanlar(a11,a22):
[ x^19, x^24 ]
------------------------------
505520
matris:
[x^19 x^12 x^13]
[x^20 x^25 x^22]
[x^13 x^14 x^24]
Katsayilar(b0,b1):
[ x, x^2 ]
Elemanlar(a11,a22):
[ x^19, x^25 ]
------------------------------
505521
matris:
[x^19 x^12 x^14]
[x^20 x^25 x^23]
[x^12 x^13 x^24]
Katsayilar(b0,b1):
[ x, x^3 ]
Elemanlar(a11,a22):
[ x^19, x^25 ]
------------------------------
505767
matris:
[x^19 x^20 x^12]
[x^12 x^25 x^13]
[x^14 x^23 x^24]
Katsayilar(b0,b1):
[ x^9, x ]
Elemanlar(a11,a22):
[ x^19, x^25 ]
------------------------------
505768
matris:
[x^19 x^20 x^13]
[x^12 x^25 x^14]
[x^13 x^22 x^24]
Katsayilar(b0,b1):
[ x^9, x^2 ]
Elemanlar(a11,a22):
[ x^19, x^25 ]
------------------------------
571921
matris:
[x^22 x^11  x^8]
[x^12  x^9 x^13]
[x^22 x^26 x^12]
Katsayilar(b0,b1):
[ x^4, x ]
Elemanlar(a11,a22):
[ x^22, x^9 ]
------------------------------
571966
matris:
[x^22 x^12 x^22]
[x^11  x^9 x^26]
[ x^8 x^13 x^12]
Katsayilar(b0,b1):
[ x^5, x^15 ]
Elemanlar(a11,a22):
[ x^22, x^9 ]
------------------------------
574714
matris:
[x^22  x^8 x^11]
[x^22 x^12 x^26]
[x^12 x^13  x^9]
Katsayilar(b0,b1):
[ x, x^4 ]
Elemanlar(a11,a22):
[ x^22, x^12 ]
------------------------------
575149
matris:
[x^22 x^22 x^12]
[ x^8 x^12 x^13]
[x^11 x^26  x^9]
Katsayilar(b0,b1):
[ x^15, x^5 ]
Elemanlar(a11,a22):
[ x^22, x^12 ]
------------------------------
597745
matris:
[x^23 x^12 x^14]
[x^22  x^7 x^24]
[x^14 x^14  x^9]
Katsayilar(b0,b1):
[ 1, x^2 ]
Elemanlar(a11,a22):
[ x^23, x^7 ]
------------------------------
598055
matris:
[x^23 x^22 x^14]
[x^12  x^7 x^14]
[x^14 x^24  x^9]
Katsayilar(b0,b1):
[ x^10, x^2 ]
Elemanlar(a11,a22):
[ x^23, x^7 ]
------------------------------
599727
matris:
[x^23 x^14 x^12]
[x^14  x^9 x^14]
[x^22 x^24  x^7]
Katsayilar(b0,b1):
[ x^2, 1 ]
Elemanlar(a11,a22):
[ x^23, x^9 ]
------------------------------
599737
matris:
[x^23 x^14 x^22]
[x^14  x^9 x^24]
[x^12 x^14  x^7]
Katsayilar(b0,b1):
[ x^2, x^10 ]
Elemanlar(a11,a22):
[ x^23, x^9 ]
------------------------------
628215
matris:
[x^24  x^5 x^14]
[x^14 x^10 x^13]
[x^24 x^14 x^12]
Katsayilar(b0,b1):
[ x^21, x^30 ]
Elemanlar(a11,a22):
[ x^24, x^10 ]
------------------------------
628216
matris:
[x^24  x^6 x^15]
[x^13 x^10 x^13]
[x^23 x^14 x^12]
Katsayilar(b0,b1):
[ x^22, 1 ]
Elemanlar(a11,a22):
[ x^24, x^10 ]
------------------------------
628441
matris:
[x^24 x^13 x^23]
[ x^6 x^10 x^14]
[x^15 x^13 x^12]
Katsayilar(b0,b1):
[ x^29, x^8 ]
Elemanlar(a11,a22):
[ x^24, x^10 ]
------------------------------
628473
matris:
[x^24 x^14 x^24]
[ x^5 x^10 x^14]
[x^14 x^13 x^12]
Katsayilar(b0,b1):
[ x^30, x^9 ]
Elemanlar(a11,a22):
[ x^24, x^10 ]
------------------------------
629478
matris:
[x^24 x^15  x^6]
[x^23 x^12 x^14]
[x^13 x^13 x^10]
Katsayilar(b0,b1):
[ 1, x^22 ]
Elemanlar(a11,a22):
[ x^24, x^12 ]
------------------------------
629733
matris:
[x^24 x^23 x^13]
[x^15 x^12 x^13]
[ x^6 x^14 x^10]
Katsayilar(b0,b1):
[ x^8, x^29 ]
Elemanlar(a11,a22):
[ x^24, x^12 ]
------------------------------
629765
matris:
[x^24 x^24 x^14]
[x^14 x^12 x^13]
[ x^5 x^14 x^10]
Katsayilar(b0,b1):
[ x^9, x^30 ]
Elemanlar(a11,a22):
[ x^24, x^12 ]
------------------------------
630407
matris:
[x^24 x^14  x^5]
[x^24 x^12 x^14]
[x^14 x^13 x^10]
Katsayilar(b0,b1):
[ x^30, x^21 ]
Elemanlar(a11,a22):
[ x^24, x^12 ]
------------------------------
636119
matris:
[x^24 x^12 x^13]
[x^14 x^19 x^12]
[x^23 x^20 x^25]
Katsayilar(b0,b1):
[ x^28, x^29 ]
Elemanlar(a11,a22):
[ x^24, x^19 ]
------------------------------
636128
matris:
[x^24 x^13 x^22]
[x^13 x^19 x^20]
[x^14 x^12 x^25]
Katsayilar(b0,b1):
[ x^29, x^7 ]
Elemanlar(a11,a22):
[ x^24, x^19 ]
------------------------------
636151
matris:
[x^24 x^13 x^14]
[x^13 x^19 x^12]
[x^22 x^20 x^25]
Katsayilar(b0,b1):
[ x^29, x^30 ]
Elemanlar(a11,a22):
[ x^24, x^19 ]
------------------------------
636160
matris:
[x^24 x^14 x^23]
[x^12 x^19 x^20]
[x^13 x^12 x^25]
Katsayilar(b0,b1):
[ x^30, x^8 ]
Elemanlar(a11,a22):
[ x^24, x^19 ]
------------------------------
640273
matris:
[x^24 x^22 x^13]
[x^14 x^25 x^12]
[x^13 x^20 x^19]
Katsayilar(b0,b1):
[ x^7, x^29 ]
Elemanlar(a11,a22):
[ x^24, x^25 ]
------------------------------
640305
matris:
[x^24 x^23 x^14]
[x^13 x^25 x^12]
[x^12 x^20 x^19]
Katsayilar(b0,b1):
[ x^8, x^30 ]
Elemanlar(a11,a22):
[ x^24, x^25 ]
------------------------------
640954
matris:
[x^24 x^13 x^12]
[x^23 x^25 x^20]
[x^14 x^12 x^19]
Katsayilar(b0,b1):
[ x^29, x^28 ]
Elemanlar(a11,a22):
[ x^24, x^25 ]
------------------------------
640986
matris:
[x^24 x^14 x^13]
[x^22 x^25 x^20]
[x^13 x^12 x^19]
Katsayilar(b0,b1):
[ x^30, x^29 ]
Elemanlar(a11,a22):
[ x^24, x^25 ]
------------------------------
663796
matris:
[x^25 x^12 x^13]
[x^20 x^19 x^12]
[x^23 x^14 x^24]
Katsayilar(b0,b1):
[ x^22, x^23 ]
Elemanlar(a11,a22):
[ x^25, x^19 ]
------------------------------
663797
matris:
[x^25 x^12 x^14]
[x^20 x^19 x^13]
[x^22 x^13 x^24]
Katsayilar(b0,b1):
[ x^22, x^24 ]
Elemanlar(a11,a22):
[ x^25, x^19 ]
------------------------------
664022
matris:
[x^25 x^20 x^22]
[x^12 x^19 x^13]
[x^14 x^13 x^24]
Katsayilar(b0,b1):
[ x^30, x ]
Elemanlar(a11,a22):
[ x^25, x^19 ]
------------------------------
664023
matris:
[x^25 x^20 x^23]
[x^12 x^19 x^14]
[x^13 x^12 x^24]
Katsayilar(b0,b1):
[ x^30, x^2 ]
Elemanlar(a11,a22):
[ x^25, x^19 ]
------------------------------
666996
matris:
[x^25 x^22 x^20]
[x^14 x^24 x^13]
[x^12 x^13 x^19]
Katsayilar(b0,b1):
[ x, x^30 ]
Elemanlar(a11,a22):
[ x^25, x^24 ]
------------------------------
667027
matris:
[x^25 x^23 x^20]
[x^13 x^24 x^12]
[x^12 x^14 x^19]
Katsayilar(b0,b1):
[ x^2, x^30 ]
Elemanlar(a11,a22):
[ x^25, x^24 ]
------------------------------
667670
matris:
[x^25 x^13 x^12]
[x^23 x^24 x^14]
[x^20 x^12 x^19]
Katsayilar(b0,b1):
[ x^23, x^22 ]
Elemanlar(a11,a22):
[ x^25, x^24 ]
------------------------------
667701
matris:
[x^25 x^14 x^12]
[x^22 x^24 x^13]
[x^20 x^13 x^19]
Katsayilar(b0,b1):
[ x^24, x^22 ]
Elemanlar(a11,a22):
[ x^25, x^24 ]
------------------------------
