99947
matris:
[ x^4 x^10 x^12]
[x^12 x^23 x^14]
[x^13 x^13 x^24]
Katsayilar(b0,b1):
[ 1, x^2 ]
Elemanlar(a11,a22):
[ x^4, x^23 ]
------------------------------
100010
matris:
[ x^4 x^12 x^13]
[x^10 x^23 x^13]
[x^12 x^14 x^24]
Katsayilar(b0,b1):
[ x^2, x^3 ]
Elemanlar(a11,a22):
[ x^4, x^23 ]
------------------------------
100968
matris:
[ x^4 x^12 x^10]
[x^13 x^24 x^13]
[x^12 x^14 x^23]
Katsayilar(b0,b1):
[ x^2, 1 ]
Elemanlar(a11,a22):
[ x^4, x^24 ]
------------------------------
101001
matris:
[ x^4 x^13 x^12]
[x^12 x^24 x^14]
[x^10 x^13 x^23]
Katsayilar(b0,b1):
[ x^3, x^2 ]
Elemanlar(a11,a22):
[ x^4, x^24 ]
------------------------------
224131
matris:
[ x^9 x^23 x^16]
[x^12 x^11 x^12]
[x^14 x^21 x^13]
Katsayilar(b0,b1):
[ x^7, 1 ]
Elemanlar(a11,a22):
[ x^9, x^11 ]
------------------------------
224780
matris:
[ x^9 x^12 x^14]
[x^23 x^11 x^21]
[x^16 x^12 x^13]
Katsayilar(b0,b1):
[ x^27, x^29 ]
Elemanlar(a11,a22):
[ x^9, x^11 ]
------------------------------
225843
matris:
[ x^9 x^16 x^23]
[x^14 x^13 x^21]
[x^12 x^12 x^11]
Katsayilar(b0,b1):
[ 1, x^7 ]
Elemanlar(a11,a22):
[ x^9, x^13 ]
------------------------------
226762
matris:
[ x^9 x^14 x^12]
[x^16 x^13 x^12]
[x^23 x^21 x^11]
Katsayilar(b0,b1):
[ x^29, x^27 ]
Elemanlar(a11,a22):
[ x^9, x^13 ]
------------------------------
227724
matris:
[ x^9 x^14 x^13]
[x^15 x^14 x^12]
[x^14 x^12 x^19]
Katsayilar(b0,b1):
[ x^29, x^28 ]
Elemanlar(a11,a22):
[ x^9, x^14 ]
------------------------------
227756
matris:
[ x^9 x^15 x^14]
[x^14 x^14 x^12]
[x^13 x^12 x^19]
Katsayilar(b0,b1):
[ x^30, x^29 ]
Elemanlar(a11,a22):
[ x^9, x^14 ]
------------------------------
231538
matris:
[ x^9 x^13 x^14]
[x^14 x^19 x^12]
[x^15 x^12 x^14]
Katsayilar(b0,b1):
[ x^28, x^29 ]
Elemanlar(a11,a22):
[ x^9, x^19 ]
------------------------------
231570
matris:
[ x^9 x^14 x^15]
[x^13 x^19 x^12]
[x^14 x^12 x^14]
Katsayilar(b0,b1):
[ x^29, x^30 ]
Elemanlar(a11,a22):
[ x^9, x^19 ]
------------------------------
276895
matris:
[x^11 x^23 x^21]
[x^12  x^9 x^14]
[x^12 x^16 x^13]
Katsayilar(b0,b1):
[ x^4, x^2 ]
Elemanlar(a11,a22):
[ x^11, x^9 ]
------------------------------
277537
matris:
[x^11 x^12 x^12]
[x^23  x^9 x^16]
[x^21 x^14 x^13]
Katsayilar(b0,b1):
[ x^24, x^24 ]
Elemanlar(a11,a22):
[ x^11, x^9 ]
------------------------------
279718
matris:
[x^11 x^21 x^23]
[x^12 x^13 x^16]
[x^12 x^14  x^9]
Katsayilar(b0,b1):
[ x^2, x^4 ]
Elemanlar(a11,a22):
[ x^11, x^13 ]
------------------------------
280420
matris:
[x^11 x^12 x^12]
[x^21 x^13 x^14]
[x^23 x^16  x^9]
Katsayilar(b0,b1):
[ x^24, x^24 ]
Elemanlar(a11,a22):
[ x^11, x^13 ]
------------------------------
286444
matris:
[x^11 x^21 x^22]
[x^23 x^21 x^26]
[x^12 x^14 x^24]
Katsayilar(b0,b1):
[ x^2, x^3 ]
Elemanlar(a11,a22):
[ x^11, x^21 ]
------------------------------
286527
matris:
[x^11 x^23 x^12]
[x^21 x^21 x^14]
[x^22 x^26 x^24]
Katsayilar(b0,b1):
[ x^4, x^24 ]
Elemanlar(a11,a22):
[ x^11, x^21 ]
------------------------------
289357
matris:
[x^11 x^22 x^21]
[x^12 x^24 x^14]
[x^23 x^26 x^21]
Katsayilar(b0,b1):
[ x^3, x^2 ]
Elemanlar(a11,a22):
[ x^11, x^24 ]
------------------------------
290010
matris:
[x^11 x^12 x^23]
[x^22 x^24 x^26]
[x^21 x^14 x^21]
Katsayilar(b0,b1):
[ x^24, x^4 ]
Elemanlar(a11,a22):
[ x^11, x^24 ]
------------------------------
330592
matris:
[x^13 x^14 x^21]
[x^16  x^9 x^23]
[x^12 x^12 x^11]
Katsayilar(b0,b1):
[ 1, x^7 ]
Elemanlar(a11,a22):
[ x^13, x^9 ]
------------------------------
330676
matris:
[x^13 x^16 x^12]
[x^14  x^9 x^12]
[x^21 x^23 x^11]
Katsayilar(b0,b1):
[ x^2, x^29 ]
Elemanlar(a11,a22):
[ x^13, x^9 ]
------------------------------
332724
matris:
[x^13 x^21 x^14]
[x^12 x^11 x^12]
[x^16 x^23  x^9]
Katsayilar(b0,b1):
[ x^7, 1 ]
Elemanlar(a11,a22):
[ x^13, x^11 ]
------------------------------
333408
matris:
[x^13 x^12 x^16]
[x^21 x^11 x^23]
[x^14 x^12  x^9]
Katsayilar(b0,b1):
[ x^29, x^2 ]
Elemanlar(a11,a22):
[ x^13, x^11 ]
------------------------------
357554
matris:
[x^14 x^14 x^12]
[x^15  x^9 x^14]
[x^12 x^13 x^19]
Katsayilar(b0,b1):
[ x, x^30 ]
Elemanlar(a11,a22):
[ x^14, x^9 ]
------------------------------
357585
matris:
[x^14 x^15 x^12]
[x^14  x^9 x^13]
[x^12 x^14 x^19]
Katsayilar(b0,b1):
[ x^2, x^30 ]
Elemanlar(a11,a22):
[ x^14, x^9 ]
------------------------------
366112
matris:
[x^14 x^12 x^14]
[x^12 x^19 x^13]
[x^15 x^14  x^9]
Katsayilar(b0,b1):
[ x^30, x ]
Elemanlar(a11,a22):
[ x^14, x^19 ]
------------------------------
366113
matris:
[x^14 x^12 x^15]
[x^12 x^19 x^14]
[x^14 x^13  x^9]
Katsayilar(b0,b1):
[ x^30, x^2 ]
Elemanlar(a11,a22):
[ x^14, x^19 ]
------------------------------
492096
matris:
[x^19 x^13 x^12]
[x^14  x^9 x^15]
[x^12 x^14 x^14]
Katsayilar(b0,b1):
[ x^2, x ]
Elemanlar(a11,a22):
[ x^19, x^9 ]
------------------------------
492127
matris:
[x^19 x^14 x^12]
[x^13  x^9 x^14]
[x^12 x^15 x^14]
Katsayilar(b0,b1):
[ x^3, x ]
Elemanlar(a11,a22):
[ x^19, x^9 ]
------------------------------
495910
matris:
[x^19 x^12 x^13]
[x^12 x^14 x^14]
[x^14 x^15  x^9]
Katsayilar(b0,b1):
[ x, x^2 ]
Elemanlar(a11,a22):
[ x^19, x^14 ]
------------------------------
495911
matris:
[x^19 x^12 x^14]
[x^12 x^14 x^15]
[x^13 x^14  x^9]
Katsayilar(b0,b1):
[ x, x^3 ]
Elemanlar(a11,a22):
[ x^19, x^14 ]
------------------------------
504588
matris:
[x^19 x^13 x^11]
[x^13 x^24 x^13]
[x^21 x^23 x^25]
Katsayilar(b0,b1):
[ x^2, 1 ]
Elemanlar(a11,a22):
[ x^19, x^24 ]
------------------------------
504598
matris:
[x^19 x^13 x^21]
[x^13 x^24 x^23]
[x^11 x^13 x^25]
Katsayilar(b0,b1):
[ x^2, x^10 ]
Elemanlar(a11,a22):
[ x^19, x^24 ]
------------------------------
505489
matris:
[x^19 x^11 x^13]
[x^21 x^25 x^23]
[x^13 x^13 x^24]
Katsayilar(b0,b1):
[ 1, x^2 ]
Elemanlar(a11,a22):
[ x^19, x^25 ]
------------------------------
505799
matris:
[x^19 x^21 x^13]
[x^11 x^25 x^13]
[x^13 x^23 x^24]
Katsayilar(b0,b1):
[ x^10, x^2 ]
Elemanlar(a11,a22):
[ x^19, x^25 ]
------------------------------
548628
matris:
[x^21 x^21 x^14]
[x^23 x^11 x^12]
[x^26 x^22 x^24]
Katsayilar(b0,b1):
[ x^27, x^20 ]
Elemanlar(a11,a22):
[ x^21, x^11 ]
------------------------------
548671
matris:
[x^21 x^23 x^26]
[x^21 x^11 x^22]
[x^14 x^12 x^24]
Katsayilar(b0,b1):
[ x^29, x ]
Elemanlar(a11,a22):
[ x^21, x^11 ]
------------------------------
559363
matris:
[x^21 x^26 x^23]
[x^14 x^24 x^12]
[x^21 x^22 x^11]
Katsayilar(b0,b1):
[ x, x^29 ]
Elemanlar(a11,a22):
[ x^21, x^24 ]
------------------------------
559950
matris:
[x^21 x^14 x^21]
[x^26 x^24 x^22]
[x^23 x^12 x^11]
Katsayilar(b0,b1):
[ x^20, x^27 ]
Elemanlar(a11,a22):
[ x^21, x^24 ]
------------------------------
594862
matris:
[x^23 x^12 x^14]
[x^10  x^4 x^12]
[x^13 x^13 x^24]
Katsayilar(b0,b1):
[ 1, x^2 ]
Elemanlar(a11,a22):
[ x^23, x^4 ]
------------------------------
595760
matris:
[x^23 x^10 x^13]
[x^12  x^4 x^13]
[x^14 x^12 x^24]
Katsayilar(b0,b1):
[ x^29, x ]
Elemanlar(a11,a22):
[ x^23, x^4 ]
------------------------------
612218
matris:
[x^23 x^13 x^10]
[x^14 x^24 x^12]
[x^12 x^13  x^4]
Katsayilar(b0,b1):
[ x, x^29 ]
Elemanlar(a11,a22):
[ x^23, x^24 ]
------------------------------
612220
matris:
[x^23 x^14 x^12]
[x^13 x^24 x^13]
[x^10 x^12  x^4]
Katsayilar(b0,b1):
[ x^2, 1 ]
Elemanlar(a11,a22):
[ x^23, x^24 ]
------------------------------
622666
matris:
[x^24 x^12 x^14]
[x^13  x^4 x^12]
[x^13 x^10 x^23]
Katsayilar(b0,b1):
[ x^28, x^30 ]
Elemanlar(a11,a22):
[ x^24, x^4 ]
------------------------------
622696
matris:
[x^24 x^13 x^13]
[x^12  x^4 x^10]
[x^14 x^12 x^23]
Katsayilar(b0,b1):
[ x^29, x^29 ]
Elemanlar(a11,a22):
[ x^24, x^4 ]
------------------------------
628723
matris:
[x^24 x^22 x^26]
[x^12 x^11 x^23]
[x^14 x^21 x^21]
Katsayilar(b0,b1):
[ x^7, x^11 ]
Elemanlar(a11,a22):
[ x^24, x^11 ]
------------------------------
629393
matris:
[x^24 x^12 x^14]
[x^22 x^11 x^21]
[x^26 x^23 x^21]
Katsayilar(b0,b1):
[ x^28, x^30 ]
Elemanlar(a11,a22):
[ x^24, x^11 ]
------------------------------
636129
matris:
[x^24 x^13 x^23]
[x^13 x^19 x^21]
[x^13 x^11 x^25]
Katsayilar(b0,b1):
[ x^29, x^8 ]
Elemanlar(a11,a22):
[ x^24, x^19 ]
------------------------------
636150
matris:
[x^24 x^13 x^13]
[x^13 x^19 x^11]
[x^23 x^21 x^25]
Katsayilar(b0,b1):
[ x^29, x^29 ]
Elemanlar(a11,a22):
[ x^24, x^19 ]
------------------------------
637492
matris:
[x^24 x^26 x^22]
[x^14 x^21 x^21]
[x^12 x^23 x^11]
Katsayilar(b0,b1):
[ x^11, x^7 ]
Elemanlar(a11,a22):
[ x^24, x^21 ]
------------------------------
638102
matris:
[x^24 x^14 x^12]
[x^26 x^21 x^23]
[x^22 x^21 x^11]
Katsayilar(b0,b1):
[ x^30, x^28 ]
Elemanlar(a11,a22):
[ x^24, x^21 ]
------------------------------
639994
matris:
[x^24 x^13 x^13]
[x^14 x^23 x^12]
[x^12 x^10  x^4]
Katsayilar(b0,b1):
[ x^29, x^29 ]
Elemanlar(a11,a22):
[ x^24, x^23 ]
------------------------------
640024
matris:
[x^24 x^14 x^12]
[x^13 x^23 x^10]
[x^13 x^12  x^4]
Katsayilar(b0,b1):
[ x^30, x^28 ]
Elemanlar(a11,a22):
[ x^24, x^23 ]
------------------------------
640304
matris:
[x^24 x^23 x^13]
[x^13 x^25 x^11]
[x^13 x^21 x^19]
Katsayilar(b0,b1):
[ x^8, x^29 ]
Elemanlar(a11,a22):
[ x^24, x^25 ]
------------------------------
640955
matris:
[x^24 x^13 x^13]
[x^23 x^25 x^21]
[x^13 x^11 x^19]
Katsayilar(b0,b1):
[ x^29, x^29 ]
Elemanlar(a11,a22):
[ x^24, x^25 ]
------------------------------
663093
matris:
[x^25 x^21 x^23]
[x^11 x^19 x^13]
[x^13 x^13 x^24]
Katsayilar(b0,b1):
[ 1, x^2 ]
Elemanlar(a11,a22):
[ x^25, x^19 ]
------------------------------
663765
matris:
[x^25 x^11 x^13]
[x^21 x^19 x^13]
[x^23 x^13 x^24]
Katsayilar(b0,b1):
[ x^21, x^23 ]
Elemanlar(a11,a22):
[ x^25, x^19 ]
------------------------------
666997
matris:
[x^25 x^23 x^21]
[x^13 x^24 x^13]
[x^11 x^13 x^19]
Katsayilar(b0,b1):
[ x^2, 1 ]
Elemanlar(a11,a22):
[ x^25, x^24 ]
------------------------------
667669
matris:
[x^25 x^13 x^11]
[x^23 x^24 x^13]
[x^21 x^13 x^19]
Katsayilar(b0,b1):
[ x^23, x^21 ]
Elemanlar(a11,a22):
[ x^25, x^24 ]
------------------------------
