224129
matris:
[ x^9 x^22 x^14]
[x^13 x^11 x^11]
[x^16 x^22 x^13]
Katsayilar(b0,b1):
[ x^6, x^29 ]
Elemanlar(a11,a22):
[ x^9, x^11 ]
------------------------------
224130
matris:
[ x^9 x^22 x^15]
[x^13 x^11 x^12]
[x^15 x^21 x^13]
Katsayilar(b0,b1):
[ x^6, x^30 ]
Elemanlar(a11,a22):
[ x^9, x^11 ]
------------------------------
224782
matris:
[ x^9 x^13 x^16]
[x^22 x^11 x^22]
[x^14 x^11 x^13]
Katsayilar(b0,b1):
[ x^28, 1 ]
Elemanlar(a11,a22):
[ x^9, x^11 ]
------------------------------
224812
matris:
[ x^9 x^13 x^15]
[x^22 x^11 x^21]
[x^15 x^12 x^13]
Katsayilar(b0,b1):
[ x^28, x^30 ]
Elemanlar(a11,a22):
[ x^9, x^11 ]
------------------------------
225864
matris:
[ x^9 x^16 x^13]
[x^14 x^13 x^11]
[x^22 x^22 x^11]
Katsayilar(b0,b1):
[ 1, x^28 ]
Elemanlar(a11,a22):
[ x^9, x^13 ]
------------------------------
226741
matris:
[ x^9 x^14 x^22]
[x^16 x^13 x^22]
[x^13 x^11 x^11]
Katsayilar(b0,b1):
[ x^29, x^6 ]
Elemanlar(a11,a22):
[ x^9, x^13 ]
------------------------------
226772
matris:
[ x^9 x^15 x^22]
[x^15 x^13 x^21]
[x^13 x^12 x^11]
Katsayilar(b0,b1):
[ x^30, x^6 ]
Elemanlar(a11,a22):
[ x^9, x^13 ]
------------------------------
226794
matris:
[ x^9 x^15 x^13]
[x^15 x^13 x^12]
[x^22 x^21 x^11]
Katsayilar(b0,b1):
[ x^30, x^28 ]
Elemanlar(a11,a22):
[ x^9, x^13 ]
------------------------------
276864
matris:
[x^11 x^22 x^21]
[x^13  x^9 x^15]
[x^12 x^15 x^13]
Katsayilar(b0,b1):
[ x^3, x^2 ]
Elemanlar(a11,a22):
[ x^11, x^9 ]
------------------------------
276865
matris:
[x^11 x^22 x^22]
[x^13  x^9 x^16]
[x^11 x^14 x^13]
Katsayilar(b0,b1):
[ x^3, x^3 ]
Elemanlar(a11,a22):
[ x^11, x^9 ]
------------------------------
277567
matris:
[x^11 x^13 x^11]
[x^22  x^9 x^14]
[x^22 x^16 x^13]
Katsayilar(b0,b1):
[ x^25, x^23 ]
Elemanlar(a11,a22):
[ x^11, x^9 ]
------------------------------
277568
matris:
[x^11 x^13 x^12]
[x^22  x^9 x^15]
[x^21 x^15 x^13]
Katsayilar(b0,b1):
[ x^25, x^24 ]
Elemanlar(a11,a22):
[ x^11, x^9 ]
------------------------------
279717
matris:
[x^11 x^21 x^22]
[x^12 x^13 x^15]
[x^13 x^15  x^9]
Katsayilar(b0,b1):
[ x^2, x^3 ]
Elemanlar(a11,a22):
[ x^11, x^13 ]
------------------------------
279748
matris:
[x^11 x^22 x^22]
[x^11 x^13 x^14]
[x^13 x^16  x^9]
Katsayilar(b0,b1):
[ x^3, x^3 ]
Elemanlar(a11,a22):
[ x^11, x^13 ]
------------------------------
280390
matris:
[x^11 x^11 x^13]
[x^22 x^13 x^16]
[x^22 x^14  x^9]
Katsayilar(b0,b1):
[ x^23, x^25 ]
Elemanlar(a11,a22):
[ x^11, x^13 ]
------------------------------
280421
matris:
[x^11 x^12 x^13]
[x^21 x^13 x^15]
[x^22 x^15  x^9]
Katsayilar(b0,b1):
[ x^24, x^25 ]
Elemanlar(a11,a22):
[ x^11, x^13 ]
------------------------------
286475
matris:
[x^11 x^22 x^22]
[x^22 x^21 x^25]
[x^12 x^15 x^24]
Katsayilar(b0,b1):
[ x^3, x^3 ]
Elemanlar(a11,a22):
[ x^11, x^21 ]
------------------------------
286476
matris:
[x^11 x^22 x^23]
[x^22 x^21 x^26]
[x^11 x^14 x^24]
Katsayilar(b0,b1):
[ x^3, x^4 ]
Elemanlar(a11,a22):
[ x^11, x^21 ]
------------------------------
286495
matris:
[x^11 x^22 x^11]
[x^22 x^21 x^14]
[x^23 x^26 x^24]
Katsayilar(b0,b1):
[ x^3, x^23 ]
Elemanlar(a11,a22):
[ x^11, x^21 ]
------------------------------
286496
matris:
[x^11 x^22 x^12]
[x^22 x^21 x^15]
[x^22 x^25 x^24]
Katsayilar(b0,b1):
[ x^3, x^24 ]
Elemanlar(a11,a22):
[ x^11, x^21 ]
------------------------------
289358
matris:
[x^11 x^22 x^22]
[x^12 x^24 x^15]
[x^22 x^25 x^21]
Katsayilar(b0,b1):
[ x^3, x^3 ]
Elemanlar(a11,a22):
[ x^11, x^24 ]
------------------------------
289389
matris:
[x^11 x^23 x^22]
[x^11 x^24 x^14]
[x^22 x^26 x^21]
Katsayilar(b0,b1):
[ x^4, x^3 ]
Elemanlar(a11,a22):
[ x^11, x^24 ]
------------------------------
289978
matris:
[x^11 x^11 x^22]
[x^23 x^24 x^26]
[x^22 x^14 x^21]
Katsayilar(b0,b1):
[ x^23, x^3 ]
Elemanlar(a11,a22):
[ x^11, x^24 ]
------------------------------
290009
matris:
[x^11 x^12 x^22]
[x^22 x^24 x^25]
[x^22 x^15 x^21]
Katsayilar(b0,b1):
[ x^24, x^3 ]
Elemanlar(a11,a22):
[ x^11, x^24 ]
------------------------------
330613
matris:
[x^13 x^14 x^11]
[x^16  x^9 x^13]
[x^22 x^22 x^11]
Katsayilar(b0,b1):
[ 1, x^28 ]
Elemanlar(a11,a22):
[ x^13, x^9 ]
------------------------------
330623
matris:
[x^13 x^15 x^21]
[x^15  x^9 x^22]
[x^12 x^13 x^11]
Katsayilar(b0,b1):
[ x, x^7 ]
Elemanlar(a11,a22):
[ x^13, x^9 ]
------------------------------
330645
matris:
[x^13 x^15 x^12]
[x^15  x^9 x^13]
[x^21 x^22 x^11]
Katsayilar(b0,b1):
[ x, x^29 ]
Elemanlar(a11,a22):
[ x^13, x^9 ]
------------------------------
330655
matris:
[x^13 x^16 x^22]
[x^14  x^9 x^22]
[x^11 x^13 x^11]
Katsayilar(b0,b1):
[ x^2, x^8 ]
Elemanlar(a11,a22):
[ x^13, x^9 ]
------------------------------
332725
matris:
[x^13 x^21 x^15]
[x^12 x^11 x^13]
[x^15 x^22  x^9]
Katsayilar(b0,b1):
[ x^7, x ]
Elemanlar(a11,a22):
[ x^13, x^11 ]
------------------------------
332757
matris:
[x^13 x^22 x^16]
[x^11 x^11 x^13]
[x^14 x^22  x^9]
Katsayilar(b0,b1):
[ x^8, x^2 ]
Elemanlar(a11,a22):
[ x^13, x^11 ]
------------------------------
333375
matris:
[x^13 x^11 x^14]
[x^22 x^11 x^22]
[x^16 x^13  x^9]
Katsayilar(b0,b1):
[ x^28, 1 ]
Elemanlar(a11,a22):
[ x^13, x^11 ]
------------------------------
333407
matris:
[x^13 x^12 x^15]
[x^21 x^11 x^22]
[x^15 x^13  x^9]
Katsayilar(b0,b1):
[ x^29, x ]
Elemanlar(a11,a22):
[ x^13, x^11 ]
------------------------------
548639
matris:
[x^21 x^22 x^25]
[x^22 x^11 x^22]
[x^15 x^12 x^24]
Katsayilar(b0,b1):
[ x^28, 1 ]
Elemanlar(a11,a22):
[ x^21, x^11 ]
------------------------------
548640
matris:
[x^21 x^22 x^26]
[x^22 x^11 x^23]
[x^14 x^11 x^24]
Katsayilar(b0,b1):
[ x^28, x ]
Elemanlar(a11,a22):
[ x^21, x^11 ]
------------------------------
548659
matris:
[x^21 x^22 x^14]
[x^22 x^11 x^11]
[x^26 x^23 x^24]
Katsayilar(b0,b1):
[ x^28, x^20 ]
Elemanlar(a11,a22):
[ x^21, x^11 ]
------------------------------
548660
matris:
[x^21 x^22 x^15]
[x^22 x^11 x^12]
[x^25 x^22 x^24]
Katsayilar(b0,b1):
[ x^28, x^21 ]
Elemanlar(a11,a22):
[ x^21, x^11 ]
------------------------------
559331
matris:
[x^21 x^25 x^22]
[x^15 x^24 x^12]
[x^22 x^22 x^11]
Katsayilar(b0,b1):
[ 1, x^28 ]
Elemanlar(a11,a22):
[ x^21, x^24 ]
------------------------------
559362
matris:
[x^21 x^26 x^22]
[x^14 x^24 x^11]
[x^22 x^23 x^11]
Katsayilar(b0,b1):
[ x, x^28 ]
Elemanlar(a11,a22):
[ x^21, x^24 ]
------------------------------
559951
matris:
[x^21 x^14 x^22]
[x^26 x^24 x^23]
[x^22 x^11 x^11]
Katsayilar(b0,b1):
[ x^20, x^28 ]
Elemanlar(a11,a22):
[ x^21, x^24 ]
------------------------------
559982
matris:
[x^21 x^15 x^22]
[x^25 x^24 x^22]
[x^22 x^12 x^11]
Katsayilar(b0,b1):
[ x^21, x^28 ]
Elemanlar(a11,a22):
[ x^21, x^24 ]
------------------------------
628722
matris:
[x^24 x^22 x^25]
[x^12 x^11 x^22]
[x^15 x^22 x^21]
Katsayilar(b0,b1):
[ x^7, x^10 ]
Elemanlar(a11,a22):
[ x^24, x^11 ]
------------------------------
628754
matris:
[x^24 x^23 x^26]
[x^11 x^11 x^22]
[x^14 x^22 x^21]
Katsayilar(b0,b1):
[ x^8, x^11 ]
Elemanlar(a11,a22):
[ x^24, x^11 ]
------------------------------
629362
matris:
[x^24 x^11 x^14]
[x^23 x^11 x^22]
[x^26 x^22 x^21]
Katsayilar(b0,b1):
[ x^27, x^30 ]
Elemanlar(a11,a22):
[ x^24, x^11 ]
------------------------------
629363
matris:
[x^24 x^12 x^15]
[x^22 x^11 x^22]
[x^25 x^22 x^21]
Katsayilar(b0,b1):
[ x^28, 1 ]
Elemanlar(a11,a22):
[ x^24, x^11 ]
------------------------------
637172
matris:
[x^24 x^15 x^12]
[x^25 x^21 x^22]
[x^22 x^22 x^11]
Katsayilar(b0,b1):
[ 1, x^28 ]
Elemanlar(a11,a22):
[ x^24, x^21 ]
------------------------------
637461
matris:
[x^24 x^25 x^22]
[x^15 x^21 x^22]
[x^12 x^22 x^11]
Katsayilar(b0,b1):
[ x^10, x^7 ]
Elemanlar(a11,a22):
[ x^24, x^21 ]
------------------------------
637493
matris:
[x^24 x^26 x^23]
[x^14 x^21 x^22]
[x^11 x^22 x^11]
Katsayilar(b0,b1):
[ x^11, x^8 ]
Elemanlar(a11,a22):
[ x^24, x^21 ]
------------------------------
638101
matris:
[x^24 x^14 x^11]
[x^26 x^21 x^22]
[x^23 x^22 x^11]
Katsayilar(b0,b1):
[ x^30, x^27 ]
Elemanlar(a11,a22):
[ x^24, x^21 ]
------------------------------
