99978
matris:
[ x^4 x^11 x^12]
[x^11 x^23 x^13]
[x^13 x^14 x^24]
Katsayilar(b0,b1):
[ x, x^2 ]
Elemanlar(a11,a22):
[ x^4, x^23 ]
------------------------------
99979
matris:
[ x^4 x^11 x^13]
[x^11 x^23 x^14]
[x^12 x^13 x^24]
Katsayilar(b0,b1):
[ x, x^3 ]
Elemanlar(a11,a22):
[ x^4, x^23 ]
------------------------------
100969
matris:
[ x^4 x^12 x^11]
[x^13 x^24 x^14]
[x^11 x^13 x^23]
Katsayilar(b0,b1):
[ x^2, x ]
Elemanlar(a11,a22):
[ x^4, x^24 ]
------------------------------
101000
matris:
[ x^4 x^13 x^11]
[x^12 x^24 x^13]
[x^11 x^14 x^23]
Katsayilar(b0,b1):
[ x^3, x ]
Elemanlar(a11,a22):
[ x^4, x^24 ]
------------------------------
224161
matris:
[ x^9 x^23 x^15]
[x^12 x^11 x^11]
[x^15 x^22 x^13]
Katsayilar(b0,b1):
[ x^7, x^30 ]
Elemanlar(a11,a22):
[ x^9, x^11 ]
------------------------------
224781
matris:
[ x^9 x^12 x^15]
[x^23 x^11 x^22]
[x^15 x^11 x^13]
Katsayilar(b0,b1):
[ x^27, x^30 ]
Elemanlar(a11,a22):
[ x^9, x^11 ]
------------------------------
226773
matris:
[ x^9 x^15 x^23]
[x^15 x^13 x^22]
[x^12 x^11 x^11]
Katsayilar(b0,b1):
[ x^30, x^7 ]
Elemanlar(a11,a22):
[ x^9, x^13 ]
------------------------------
226793
matris:
[ x^9 x^15 x^12]
[x^15 x^13 x^11]
[x^23 x^22 x^11]
Katsayilar(b0,b1):
[ x^30, x^27 ]
Elemanlar(a11,a22):
[ x^9, x^13 ]
------------------------------
276896
matris:
[x^11 x^23 x^22]
[x^12  x^9 x^15]
[x^11 x^15 x^13]
Katsayilar(b0,b1):
[ x^4, x^3 ]
Elemanlar(a11,a22):
[ x^11, x^9 ]
------------------------------
277536
matris:
[x^11 x^12 x^11]
[x^23  x^9 x^15]
[x^22 x^15 x^13]
Katsayilar(b0,b1):
[ x^24, x^23 ]
Elemanlar(a11,a22):
[ x^11, x^9 ]
------------------------------
279749
matris:
[x^11 x^22 x^23]
[x^11 x^13 x^15]
[x^12 x^15  x^9]
Katsayilar(b0,b1):
[ x^3, x^4 ]
Elemanlar(a11,a22):
[ x^11, x^13 ]
------------------------------
280389
matris:
[x^11 x^11 x^12]
[x^22 x^13 x^15]
[x^23 x^15  x^9]
Katsayilar(b0,b1):
[ x^23, x^24 ]
Elemanlar(a11,a22):
[ x^11, x^13 ]
------------------------------
330624
matris:
[x^13 x^15 x^22]
[x^15  x^9 x^23]
[x^11 x^12 x^11]
Katsayilar(b0,b1):
[ x, x^8 ]
Elemanlar(a11,a22):
[ x^13, x^9 ]
------------------------------
330644
matris:
[x^13 x^15 x^11]
[x^15  x^9 x^12]
[x^22 x^23 x^11]
Katsayilar(b0,b1):
[ x, x^28 ]
Elemanlar(a11,a22):
[ x^13, x^9 ]
------------------------------
332756
matris:
[x^13 x^22 x^15]
[x^11 x^11 x^12]
[x^15 x^23  x^9]
Katsayilar(b0,b1):
[ x^8, x ]
Elemanlar(a11,a22):
[ x^13, x^11 ]
------------------------------
333376
matris:
[x^13 x^11 x^15]
[x^22 x^11 x^23]
[x^15 x^12  x^9]
Katsayilar(b0,b1):
[ x^28, x ]
Elemanlar(a11,a22):
[ x^13, x^11 ]
------------------------------
595791
matris:
[x^23 x^11 x^13]
[x^11  x^4 x^12]
[x^14 x^13 x^24]
Katsayilar(b0,b1):
[ x^30, x ]
Elemanlar(a11,a22):
[ x^23, x^4 ]
------------------------------
595792
matris:
[x^23 x^11 x^14]
[x^11  x^4 x^13]
[x^13 x^12 x^24]
Katsayilar(b0,b1):
[ x^30, x^2 ]
Elemanlar(a11,a22):
[ x^23, x^4 ]
------------------------------
612219
matris:
[x^23 x^13 x^11]
[x^14 x^24 x^13]
[x^11 x^12  x^4]
Katsayilar(b0,b1):
[ x, x^30 ]
Elemanlar(a11,a22):
[ x^23, x^24 ]
------------------------------
612250
matris:
[x^23 x^14 x^11]
[x^13 x^24 x^12]
[x^11 x^13  x^4]
Katsayilar(b0,b1):
[ x^2, x^30 ]
Elemanlar(a11,a22):
[ x^23, x^24 ]
------------------------------
622665
matris:
[x^24 x^12 x^13]
[x^13  x^4 x^11]
[x^14 x^11 x^23]
Katsayilar(b0,b1):
[ x^28, x^29 ]
Elemanlar(a11,a22):
[ x^24, x^4 ]
------------------------------
622697
matris:
[x^24 x^13 x^14]
[x^12  x^4 x^11]
[x^13 x^11 x^23]
Katsayilar(b0,b1):
[ x^29, x^30 ]
Elemanlar(a11,a22):
[ x^24, x^4 ]
------------------------------
639993
matris:
[x^24 x^13 x^12]
[x^14 x^23 x^11]
[x^13 x^11  x^4]
Katsayilar(b0,b1):
[ x^29, x^28 ]
Elemanlar(a11,a22):
[ x^24, x^23 ]
------------------------------
640025
matris:
[x^24 x^14 x^13]
[x^13 x^23 x^11]
[x^12 x^11  x^4]
Katsayilar(b0,b1):
[ x^30, x^29 ]
Elemanlar(a11,a22):
[ x^24, x^23 ]
------------------------------
