11716
matris:
[ x^5 x^11 x^10]
[x^12  x^6 x^12]
[ x^9 x^10  x^7]
Katsayilar(b0,b1):
[ x, 1 ]
Elemanlar(a11,a22):
[ x^5, x^6 ]
------------------------------
11745
matris:
[ x^5 x^12  x^9]
[x^11  x^6 x^10]
[x^10 x^12  x^7]
Katsayilar(b0,b1):
[ x^2, x^14 ]
Elemanlar(a11,a22):
[ x^5, x^6 ]
------------------------------
11927
matris:
[ x^5 x^10 x^11]
[ x^9  x^7 x^10]
[x^12 x^12  x^6]
Katsayilar(b0,b1):
[ 1, x ]
Elemanlar(a11,a22):
[ x^5, x^7 ]
------------------------------
12138
matris:
[ x^5  x^9 x^12]
[x^10  x^7 x^12]
[x^11 x^10  x^6]
Katsayilar(b0,b1):
[ x^14, x^2 ]
Elemanlar(a11,a22):
[ x^5, x^7 ]
------------------------------
14608
matris:
[ x^6 x^11 x^10]
[x^12  x^5  x^9]
[x^12 x^10  x^7]
Katsayilar(b0,b1):
[ x^13, x^12 ]
Elemanlar(a11,a22):
[ x^6, x^5 ]
------------------------------
14625
matris:
[ x^6 x^12 x^12]
[x^11  x^5 x^10]
[x^10  x^9  x^7]
Katsayilar(b0,b1):
[ x^14, x^14 ]
Elemanlar(a11,a22):
[ x^6, x^5 ]
------------------------------
14819
matris:
[ x^6 x^10 x^11]
[x^12  x^7 x^10]
[x^12  x^9  x^5]
Katsayilar(b0,b1):
[ x^12, x^13 ]
Elemanlar(a11,a22):
[ x^6, x^7 ]
------------------------------
14850
matris:
[ x^6 x^12 x^12]
[x^10  x^7  x^9]
[x^11 x^10  x^5]
Katsayilar(b0,b1):
[ x^14, x^14 ]
Elemanlar(a11,a22):
[ x^6, x^7 ]
------------------------------
15264
matris:
[ x^6 x^10  x^6]
[x^10  x^9  x^3]
[x^12  x^9 x^10]
Katsayilar(b0,b1):
[ x^12, x^8 ]
Elemanlar(a11,a22):
[ x^6, x^9 ]
------------------------------
15270
matris:
[ x^6 x^10 x^12]
[x^10  x^9  x^9]
[ x^6  x^3 x^10]
Katsayilar(b0,b1):
[ x^12, x^14 ]
Elemanlar(a11,a22):
[ x^6, x^9 ]
------------------------------
15433
matris:
[ x^6  x^6 x^10]
[x^12 x^10  x^9]
[x^10  x^3  x^9]
Katsayilar(b0,b1):
[ x^8, x^12 ]
Elemanlar(a11,a22):
[ x^6, x^10 ]
------------------------------
15523
matris:
[ x^6 x^12 x^10]
[ x^6 x^10  x^3]
[x^10  x^9  x^9]
Katsayilar(b0,b1):
[ x^14, x^12 ]
Elemanlar(a11,a22):
[ x^6, x^10 ]
------------------------------
17102
matris:
[ x^7  x^9 x^10]
[x^10  x^5 x^11]
[x^12 x^12  x^6]
Katsayilar(b0,b1):
[ 1, x ]
Elemanlar(a11,a22):
[ x^7, x^5 ]
------------------------------
17119
matris:
[ x^7 x^10 x^12]
[ x^9  x^5 x^12]
[x^10 x^11  x^6]
Katsayilar(b0,b1):
[ x, x^3 ]
Elemanlar(a11,a22):
[ x^7, x^5 ]
------------------------------
17341
matris:
[ x^7 x^10  x^9]
[x^12  x^6 x^12]
[x^10 x^11  x^5]
Katsayilar(b0,b1):
[ x, 1 ]
Elemanlar(a11,a22):
[ x^7, x^6 ]
------------------------------
17372
matris:
[ x^7 x^12 x^10]
[x^10  x^6 x^11]
[ x^9 x^12  x^5]
Katsayilar(b0,b1):
[ x^3, x ]
Elemanlar(a11,a22):
[ x^7, x^6 ]
------------------------------
22773
matris:
[ x^9 x^10  x^9]
[x^10  x^6 x^12]
[ x^3  x^6 x^10]
Katsayilar(b0,b1):
[ x^3, x^2 ]
Elemanlar(a11,a22):
[ x^9, x^6 ]
------------------------------
22782
matris:
[ x^9 x^10  x^3]
[x^10  x^6  x^6]
[ x^9 x^12 x^10]
Katsayilar(b0,b1):
[ x^3, x^11 ]
Elemanlar(a11,a22):
[ x^9, x^6 ]
------------------------------
23209
matris:
[ x^9  x^9 x^10]
[ x^3 x^10  x^6]
[x^10 x^12  x^6]
Katsayilar(b0,b1):
[ x^2, x^3 ]
Elemanlar(a11,a22):
[ x^9, x^10 ]
------------------------------
23344
matris:
[ x^9  x^3 x^10]
[ x^9 x^10 x^12]
[x^10  x^6  x^6]
Katsayilar(b0,b1):
[ x^11, x^3 ]
Elemanlar(a11,a22):
[ x^9, x^10 ]
------------------------------
25229
matris:
[x^10  x^6  x^3]
[x^12  x^6 x^10]
[ x^9 x^10  x^9]
Katsayilar(b0,b1):
[ x, x^13 ]
Elemanlar(a11,a22):
[ x^10, x^6 ]
------------------------------
25310
matris:
[x^10 x^12  x^9]
[ x^6  x^6 x^10]
[ x^3 x^10  x^9]
Katsayilar(b0,b1):
[ x^7, x^4 ]
Elemanlar(a11,a22):
[ x^10, x^6 ]
------------------------------
25943
matris:
[x^10  x^9 x^12]
[ x^3  x^9 x^10]
[ x^6 x^10  x^6]
Katsayilar(b0,b1):
[ x^4, x^7 ]
Elemanlar(a11,a22):
[ x^10, x^9 ]
------------------------------
26072
matris:
[x^10  x^3  x^6]
[ x^9  x^9 x^10]
[x^12 x^10  x^6]
Katsayilar(b0,b1):
[ x^13, x ]
Elemanlar(a11,a22):
[ x^10, x^9 ]
------------------------------
