3827
matris:
[ x^2  x^8  x^9]
[ x^9  x^7 x^10]
[x^11 x^11 x^11]
Katsayilar(b0,b1):
[ 1, x ]
Elemanlar(a11,a22):
[ x^2, x^7 ]
------------------------------
3844
matris:
[ x^2  x^9 x^11]
[ x^8  x^7 x^11]
[ x^9 x^10 x^11]
Katsayilar(b0,b1):
[ x, x^3 ]
Elemanlar(a11,a22):
[ x^2, x^7 ]
------------------------------
3858
matris:
[ x^2 x^10 x^10]
[ x^7  x^7  x^9]
[x^10 x^12 x^11]
Katsayilar(b0,b1):
[ x^2, x^2 ]
Elemanlar(a11,a22):
[ x^2, x^7 ]
------------------------------
4038
matris:
[ x^2  x^7 x^10]
[x^10  x^7 x^12]
[x^10  x^9 x^11]
Katsayilar(b0,b1):
[ x^14, x^2 ]
Elemanlar(a11,a22):
[ x^2, x^7 ]
------------------------------
4516
matris:
[ x^2  x^9  x^8]
[x^11 x^11 x^11]
[ x^9 x^10  x^7]
Katsayilar(b0,b1):
[ x, 1 ]
Elemanlar(a11,a22):
[ x^2, x^11 ]
------------------------------
4533
matris:
[ x^2 x^10 x^10]
[x^10 x^11 x^12]
[ x^7  x^9  x^7]
Katsayilar(b0,b1):
[ x^2, x^2 ]
Elemanlar(a11,a22):
[ x^2, x^11 ]
------------------------------
4545
matris:
[ x^2 x^10  x^7]
[x^10 x^11  x^9]
[x^10 x^12  x^7]
Katsayilar(b0,b1):
[ x^2, x^14 ]
Elemanlar(a11,a22):
[ x^2, x^11 ]
------------------------------
4547
matris:
[ x^2 x^11  x^9]
[ x^9 x^11 x^10]
[ x^8 x^11  x^7]
Katsayilar(b0,b1):
[ x^3, x ]
Elemanlar(a11,a22):
[ x^2, x^11 ]
------------------------------
11730
matris:
[ x^5 x^11  x^9]
[x^12  x^6 x^11]
[x^10 x^11  x^7]
Katsayilar(b0,b1):
[ x, x^14 ]
Elemanlar(a11,a22):
[ x^5, x^6 ]
------------------------------
11731
matris:
[ x^5 x^12 x^10]
[x^11  x^6 x^11]
[ x^9 x^11  x^7]
Katsayilar(b0,b1):
[ x^2, 1 ]
Elemanlar(a11,a22):
[ x^5, x^6 ]
------------------------------
11928
matris:
[ x^5 x^10 x^12]
[ x^9  x^7 x^11]
[x^11 x^11  x^6]
Katsayilar(b0,b1):
[ 1, x^2 ]
Elemanlar(a11,a22):
[ x^5, x^7 ]
------------------------------
12137
matris:
[ x^5  x^9 x^11]
[x^10  x^7 x^11]
[x^12 x^11  x^6]
Katsayilar(b0,b1):
[ x^14, x ]
Elemanlar(a11,a22):
[ x^5, x^7 ]
------------------------------
14609
matris:
[ x^6 x^11 x^11]
[x^12  x^5 x^10]
[x^11  x^9  x^7]
Katsayilar(b0,b1):
[ x^13, x^13 ]
Elemanlar(a11,a22):
[ x^6, x^5 ]
------------------------------
14624
matris:
[ x^6 x^12 x^11]
[x^11  x^5  x^9]
[x^11 x^10  x^7]
Katsayilar(b0,b1):
[ x^14, x^13 ]
Elemanlar(a11,a22):
[ x^6, x^5 ]
------------------------------
14834
matris:
[ x^6 x^11 x^11]
[x^11  x^7  x^9]
[x^12 x^10  x^5]
Katsayilar(b0,b1):
[ x^13, x^13 ]
Elemanlar(a11,a22):
[ x^6, x^7 ]
------------------------------
14835
matris:
[ x^6 x^11 x^12]
[x^11  x^7 x^10]
[x^11  x^9  x^5]
Katsayilar(b0,b1):
[ x^13, x^14 ]
Elemanlar(a11,a22):
[ x^6, x^7 ]
------------------------------
15250
matris:
[ x^6  x^9  x^7]
[x^11  x^9  x^5]
[x^11  x^7 x^10]
Katsayilar(b0,b1):
[ x^11, x^9 ]
Elemanlar(a11,a22):
[ x^6, x^9 ]
------------------------------
15251
matris:
[ x^6  x^9  x^8]
[x^11  x^9  x^6]
[x^10  x^6 x^10]
Katsayilar(b0,b1):
[ x^11, x^10 ]
Elemanlar(a11,a22):
[ x^6, x^9 ]
------------------------------
15254
matris:
[ x^6  x^9 x^11]
[x^11  x^9  x^9]
[ x^7  x^3 x^10]
Katsayilar(b0,b1):
[ x^11, x^13 ]
Elemanlar(a11,a22):
[ x^6, x^9 ]
------------------------------
15280
matris:
[ x^6 x^11  x^7]
[ x^9  x^9  x^3]
[x^11  x^9 x^10]
Katsayilar(b0,b1):
[ x^13, x^9 ]
Elemanlar(a11,a22):
[ x^6, x^9 ]
------------------------------
15283
matris:
[ x^6 x^11 x^10]
[ x^9  x^9  x^6]
[ x^8  x^6 x^10]
Katsayilar(b0,b1):
[ x^13, x^12 ]
Elemanlar(a11,a22):
[ x^6, x^9 ]
------------------------------
15284
matris:
[ x^6 x^11 x^11]
[ x^9  x^9  x^7]
[ x^7  x^5 x^10]
Katsayilar(b0,b1):
[ x^13, x^13 ]
Elemanlar(a11,a22):
[ x^6, x^9 ]
------------------------------
15447
matris:
[ x^6  x^7  x^9]
[x^11 x^10  x^7]
[x^11  x^5  x^9]
Katsayilar(b0,b1):
[ x^9, x^11 ]
Elemanlar(a11,a22):
[ x^6, x^10 ]
------------------------------
15449
matris:
[ x^6  x^7 x^11]
[x^11 x^10  x^9]
[ x^9  x^3  x^9]
Katsayilar(b0,b1):
[ x^9, x^13 ]
Elemanlar(a11,a22):
[ x^6, x^10 ]
------------------------------
15462
matris:
[ x^6  x^8  x^9]
[x^10 x^10  x^6]
[x^11  x^6  x^9]
Katsayilar(b0,b1):
[ x^10, x^11 ]
Elemanlar(a11,a22):
[ x^6, x^10 ]
------------------------------
15494
matris:
[ x^6 x^10 x^11]
[ x^8 x^10  x^6]
[ x^9  x^6  x^9]
Katsayilar(b0,b1):
[ x^12, x^13 ]
Elemanlar(a11,a22):
[ x^6, x^10 ]
------------------------------
15507
matris:
[ x^6 x^11  x^9]
[ x^7 x^10  x^3]
[x^11  x^9  x^9]
Katsayilar(b0,b1):
[ x^13, x^11 ]
Elemanlar(a11,a22):
[ x^6, x^10 ]
------------------------------
15509
matris:
[ x^6 x^11 x^11]
[ x^7 x^10  x^5]
[ x^9  x^7  x^9]
Katsayilar(b0,b1):
[ x^13, x^13 ]
Elemanlar(a11,a22):
[ x^6, x^10 ]
------------------------------
16427
matris:
[ x^7  x^9 x^10]
[ x^8  x^2  x^9]
[x^11 x^11 x^11]
Katsayilar(b0,b1):
[ 1, x ]
Elemanlar(a11,a22):
[ x^7, x^2 ]
------------------------------
16444
matris:
[ x^7 x^10 x^12]
[ x^7  x^2 x^10]
[ x^9 x^10 x^11]
Katsayilar(b0,b1):
[ x, x^3 ]
Elemanlar(a11,a22):
[ x^7, x^2 ]
------------------------------
16621
matris:
[ x^7  x^7  x^9]
[x^10  x^2 x^10]
[x^12 x^10 x^11]
Katsayilar(b0,b1):
[ x^13, 1 ]
Elemanlar(a11,a22):
[ x^7, x^2 ]
------------------------------
16638
matris:
[ x^7  x^8 x^11]
[ x^9  x^2 x^11]
[x^10  x^9 x^11]
Katsayilar(b0,b1):
[ x^14, x^2 ]
Elemanlar(a11,a22):
[ x^7, x^2 ]
------------------------------
17103
matris:
[ x^7  x^9 x^11]
[x^10  x^5 x^12]
[x^11 x^11  x^6]
Katsayilar(b0,b1):
[ 1, x^2 ]
Elemanlar(a11,a22):
[ x^7, x^5 ]
------------------------------
17118
matris:
[ x^7 x^10 x^11]
[ x^9  x^5 x^11]
[x^11 x^12  x^6]
Katsayilar(b0,b1):
[ x, x^2 ]
Elemanlar(a11,a22):
[ x^7, x^5 ]
------------------------------
17356
matris:
[ x^7 x^11  x^9]
[x^11  x^6 x^11]
[x^10 x^12  x^5]
Katsayilar(b0,b1):
[ x^2, 1 ]
Elemanlar(a11,a22):
[ x^7, x^6 ]
------------------------------
17357
matris:
[ x^7 x^11 x^10]
[x^11  x^6 x^12]
[ x^9 x^11  x^5]
Katsayilar(b0,b1):
[ x^2, x ]
Elemanlar(a11,a22):
[ x^7, x^6 ]
------------------------------
18014
matris:
[ x^7  x^9  x^7]
[x^12 x^11 x^10]
[x^10 x^10  x^2]
Katsayilar(b0,b1):
[ 1, x^13 ]
Elemanlar(a11,a22):
[ x^7, x^11 ]
------------------------------
18016
matris:
[ x^7 x^10  x^9]
[x^11 x^11 x^11]
[ x^8  x^9  x^2]
Katsayilar(b0,b1):
[ x, 1 ]
Elemanlar(a11,a22):
[ x^7, x^11 ]
------------------------------
18045
matris:
[ x^7 x^11  x^8]
[x^10 x^11  x^9]
[ x^9 x^11  x^2]
Katsayilar(b0,b1):
[ x^2, x^14 ]
Elemanlar(a11,a22):
[ x^7, x^11 ]
------------------------------
18047
matris:
[ x^7 x^12 x^10]
[ x^9 x^11 x^10]
[ x^7 x^10  x^2]
Katsayilar(b0,b1):
[ x^3, x ]
Elemanlar(a11,a22):
[ x^7, x^11 ]
------------------------------
22756
matris:
[ x^9  x^9  x^7]
[x^11  x^6 x^11]
[ x^5  x^7 x^10]
Katsayilar(b0,b1):
[ x^2, 1 ]
Elemanlar(a11,a22):
[ x^9, x^6 ]
------------------------------
22767
matris:
[ x^9  x^9  x^3]
[x^11  x^6  x^7]
[ x^9 x^11 x^10]
Katsayilar(b0,b1):
[ x^2, x^11 ]
Elemanlar(a11,a22):
[ x^9, x^6 ]
------------------------------
22770
matris:
[ x^9  x^9  x^6]
[x^11  x^6 x^10]
[ x^6  x^8 x^10]
Katsayilar(b0,b1):
[ x^2, x^14 ]
Elemanlar(a11,a22):
[ x^9, x^6 ]
------------------------------
22788
matris:
[ x^9 x^11  x^9]
[ x^9  x^6 x^11]
[ x^3  x^7 x^10]
Katsayilar(b0,b1):
[ x^4, x^2 ]
Elemanlar(a11,a22):
[ x^9, x^6 ]
------------------------------
22799
matris:
[ x^9 x^11  x^5]
[ x^9  x^6  x^7]
[ x^7 x^11 x^10]
Katsayilar(b0,b1):
[ x^4, x^13 ]
Elemanlar(a11,a22):
[ x^9, x^6 ]
------------------------------
22800
matris:
[ x^9 x^11  x^6]
[ x^9  x^6  x^8]
[ x^6 x^10 x^10]
Katsayilar(b0,b1):
[ x^4, x^14 ]
Elemanlar(a11,a22):
[ x^9, x^6 ]
------------------------------
23178
matris:
[ x^9  x^7  x^9]
[ x^5 x^10  x^7]
[x^11 x^11  x^6]
Katsayilar(b0,b1):
[ 1, x^2 ]
Elemanlar(a11,a22):
[ x^9, x^10 ]
------------------------------
23210
matris:
[ x^9  x^9 x^11]
[ x^3 x^10  x^7]
[ x^9 x^11  x^6]
Katsayilar(b0,b1):
[ x^2, x^4 ]
Elemanlar(a11,a22):
[ x^9, x^10 ]
------------------------------
23343
matris:
[ x^9  x^3  x^9]
[ x^9 x^10 x^11]
[x^11  x^7  x^6]
Katsayilar(b0,b1):
[ x^11, x^2 ]
Elemanlar(a11,a22):
[ x^9, x^10 ]
------------------------------
23375
matris:
[ x^9  x^5 x^11]
[ x^7 x^10 x^11]
[ x^9  x^7  x^6]
Katsayilar(b0,b1):
[ x^13, x^4 ]
Elemanlar(a11,a22):
[ x^9, x^10 ]
------------------------------
23388
matris:
[ x^9  x^6  x^9]
[ x^6 x^10  x^8]
[x^11 x^10  x^6]
Katsayilar(b0,b1):
[ x^14, x^2 ]
Elemanlar(a11,a22):
[ x^9, x^10 ]
------------------------------
23390
matris:
[ x^9  x^6 x^11]
[ x^6 x^10 x^10]
[ x^9  x^8  x^6]
Katsayilar(b0,b1):
[ x^14, x^4 ]
Elemanlar(a11,a22):
[ x^9, x^10 ]
------------------------------
25231
matris:
[x^10  x^7  x^5]
[x^11  x^6 x^11]
[ x^7  x^9  x^9]
Katsayilar(b0,b1):
[ x^2, 1 ]
Elemanlar(a11,a22):
[ x^10, x^6 ]
------------------------------
25244
matris:
[x^10  x^7  x^3]
[x^11  x^6  x^9]
[ x^9 x^11  x^9]
Katsayilar(b0,b1):
[ x^2, x^13 ]
Elemanlar(a11,a22):
[ x^10, x^6 ]
------------------------------
25247
matris:
[x^10  x^8  x^6]
[x^10  x^6 x^11]
[ x^6  x^9  x^9]
Katsayilar(b0,b1):
[ x^3, x ]
Elemanlar(a11,a22):
[ x^10, x^6 ]
------------------------------
25277
matris:
[x^10 x^10  x^6]
[ x^8  x^6  x^9]
[ x^6 x^11  x^9]
Katsayilar(b0,b1):
[ x^5, x ]
Elemanlar(a11,a22):
[ x^10, x^6 ]
------------------------------
25293
matris:
[x^10 x^11  x^7]
[ x^7  x^6  x^9]
[ x^5 x^11  x^9]
Katsayilar(b0,b1):
[ x^6, x^2 ]
Elemanlar(a11,a22):
[ x^10, x^6 ]
------------------------------
25295
matris:
[x^10 x^11  x^9]
[ x^7  x^6 x^11]
[ x^3  x^9  x^9]
Katsayilar(b0,b1):
[ x^6, x^4 ]
Elemanlar(a11,a22):
[ x^10, x^6 ]
------------------------------
25878
matris:
[x^10  x^5  x^7]
[ x^7  x^9  x^9]
[x^11 x^11  x^6]
Katsayilar(b0,b1):
[ 1, x^2 ]
Elemanlar(a11,a22):
[ x^10, x^9 ]
------------------------------
25894
matris:
[x^10  x^6  x^8]
[ x^6  x^9  x^9]
[x^10 x^11  x^6]
Katsayilar(b0,b1):
[ x, x^3 ]
Elemanlar(a11,a22):
[ x^10, x^9 ]
------------------------------
25896
matris:
[x^10  x^6 x^10]
[ x^6  x^9 x^11]
[ x^8  x^9  x^6]
Katsayilar(b0,b1):
[ x, x^5 ]
Elemanlar(a11,a22):
[ x^10, x^9 ]
------------------------------
25912
matris:
[x^10  x^7 x^11]
[ x^5  x^9 x^11]
[ x^7  x^9  x^6]
Katsayilar(b0,b1):
[ x^2, x^6 ]
Elemanlar(a11,a22):
[ x^10, x^9 ]
------------------------------
25942
matris:
[x^10  x^9 x^11]
[ x^3  x^9  x^9]
[ x^7 x^11  x^6]
Katsayilar(b0,b1):
[ x^4, x^6 ]
Elemanlar(a11,a22):
[ x^10, x^9 ]
------------------------------
26073
matris:
[x^10  x^3  x^7]
[ x^9  x^9 x^11]
[x^11  x^9  x^6]
Katsayilar(b0,b1):
[ x^13, x^2 ]
Elemanlar(a11,a22):
[ x^10, x^9 ]
------------------------------
27419
matris:
[x^11  x^9 x^10]
[x^11  x^2  x^9]
[x^11  x^8  x^7]
Katsayilar(b0,b1):
[ x^12, x^13 ]
Elemanlar(a11,a22):
[ x^11, x^2 ]
------------------------------
27421
matris:
[x^11 x^10 x^12]
[x^10  x^2 x^10]
[ x^9  x^7  x^7]
Katsayilar(b0,b1):
[ x^13, 1 ]
Elemanlar(a11,a22):
[ x^11, x^2 ]
------------------------------
27433
matris:
[x^11 x^10  x^9]
[x^10  x^2  x^7]
[x^12 x^10  x^7]
Katsayilar(b0,b1):
[ x^13, x^12 ]
Elemanlar(a11,a22):
[ x^11, x^2 ]
------------------------------
27450
matris:
[x^11 x^11 x^11]
[ x^9  x^2  x^8]
[x^10  x^9  x^7]
Katsayilar(b0,b1):
[ x^14, x^14 ]
Elemanlar(a11,a22):
[ x^11, x^2 ]
------------------------------
28364
matris:
[x^11 x^12 x^10]
[ x^9  x^7  x^7]
[x^10 x^10  x^2]
Katsayilar(b0,b1):
[ 1, x^13 ]
Elemanlar(a11,a22):
[ x^11, x^7 ]
------------------------------
28544
matris:
[x^11  x^9 x^10]
[x^12  x^7 x^10]
[x^10  x^7  x^2]
Katsayilar(b0,b1):
[ x^12, x^13 ]
Elemanlar(a11,a22):
[ x^11, x^7 ]
------------------------------
28558
matris:
[x^11 x^10  x^9]
[x^11  x^7  x^8]
[x^11  x^9  x^2]
Katsayilar(b0,b1):
[ x^13, x^12 ]
Elemanlar(a11,a22):
[ x^11, x^7 ]
------------------------------
28575
matris:
[x^11 x^11 x^11]
[x^10  x^7  x^9]
[ x^9  x^8  x^2]
Katsayilar(b0,b1):
[ x^14, x^14 ]
Elemanlar(a11,a22):
[ x^11, x^7 ]
------------------------------
