3859
matris:
[ x^2 x^10 x^11]
[ x^7  x^7 x^10]
[ x^9 x^11 x^11]
Katsayilar(b0,b1):
[ x^2, x^3 ]
Elemanlar(a11,a22):
[ x^2, x^7 ]
------------------------------
4037
matris:
[ x^2  x^7  x^9]
[x^10  x^7 x^11]
[x^11 x^10 x^11]
Katsayilar(b0,b1):
[ x^14, x ]
Elemanlar(a11,a22):
[ x^2, x^7 ]
------------------------------
4530
matris:
[ x^2  x^9  x^7]
[x^11 x^11 x^10]
[x^10 x^11  x^7]
Katsayilar(b0,b1):
[ x, x^14 ]
Elemanlar(a11,a22):
[ x^2, x^11 ]
------------------------------
4548
matris:
[ x^2 x^11 x^10]
[ x^9 x^11 x^11]
[ x^7 x^10  x^7]
Katsayilar(b0,b1):
[ x^3, x^2 ]
Elemanlar(a11,a22):
[ x^2, x^11 ]
------------------------------
15253
matris:
[ x^6  x^9 x^10]
[x^11  x^9  x^8]
[ x^8  x^4 x^10]
Katsayilar(b0,b1):
[ x^11, x^12 ]
Elemanlar(a11,a22):
[ x^6, x^9 ]
------------------------------
15281
matris:
[ x^6 x^11  x^8]
[ x^9  x^9  x^4]
[x^10  x^8 x^10]
Katsayilar(b0,b1):
[ x^13, x^10 ]
Elemanlar(a11,a22):
[ x^6, x^9 ]
------------------------------
15464
matris:
[ x^6  x^8 x^11]
[x^10 x^10  x^8]
[ x^9  x^4  x^9]
Katsayilar(b0,b1):
[ x^10, x^13 ]
Elemanlar(a11,a22):
[ x^6, x^10 ]
------------------------------
15492
matris:
[ x^6 x^10  x^9]
[ x^8 x^10  x^4]
[x^11  x^8  x^9]
Katsayilar(b0,b1):
[ x^12, x^11 ]
Elemanlar(a11,a22):
[ x^6, x^10 ]
------------------------------
16443
matris:
[ x^7 x^10 x^11]
[ x^7  x^2  x^9]
[x^10 x^11 x^11]
Katsayilar(b0,b1):
[ x, x^2 ]
Elemanlar(a11,a22):
[ x^7, x^2 ]
------------------------------
16622
matris:
[ x^7  x^7 x^10]
[x^10  x^2 x^11]
[x^11  x^9 x^11]
Katsayilar(b0,b1):
[ x^13, x ]
Elemanlar(a11,a22):
[ x^7, x^2 ]
------------------------------
18029
matris:
[ x^7 x^10  x^7]
[x^11 x^11  x^9]
[x^10 x^11  x^2]
Katsayilar(b0,b1):
[ x, x^13 ]
Elemanlar(a11,a22):
[ x^7, x^11 ]
------------------------------
18032
matris:
[ x^7 x^11 x^10]
[x^10 x^11 x^11]
[ x^7  x^9  x^2]
Katsayilar(b0,b1):
[ x^2, x ]
Elemanlar(a11,a22):
[ x^7, x^11 ]
------------------------------
22768
matris:
[ x^9  x^9  x^4]
[x^11  x^6  x^8]
[ x^8 x^10 x^10]
Katsayilar(b0,b1):
[ x^2, x^12 ]
Elemanlar(a11,a22):
[ x^9, x^6 ]
------------------------------
22787
matris:
[ x^9 x^11  x^8]
[ x^9  x^6 x^10]
[ x^4  x^8 x^10]
Katsayilar(b0,b1):
[ x^4, x ]
Elemanlar(a11,a22):
[ x^9, x^6 ]
------------------------------
23195
matris:
[ x^9  x^8 x^11]
[ x^4 x^10  x^8]
[ x^9 x^10  x^6]
Katsayilar(b0,b1):
[ x, x^4 ]
Elemanlar(a11,a22):
[ x^9, x^10 ]
------------------------------
23358
matris:
[ x^9  x^4  x^9]
[ x^8 x^10 x^10]
[x^11  x^8  x^6]
Katsayilar(b0,b1):
[ x^12, x^2 ]
Elemanlar(a11,a22):
[ x^9, x^10 ]
------------------------------
25260
matris:
[x^10  x^8  x^4]
[x^10  x^6  x^9]
[ x^8 x^11  x^9]
Katsayilar(b0,b1):
[ x^3, x^14 ]
Elemanlar(a11,a22):
[ x^10, x^6 ]
------------------------------
25279
matris:
[x^10 x^10  x^8]
[ x^8  x^6 x^11]
[ x^4  x^9  x^9]
Katsayilar(b0,b1):
[ x^5, x^3 ]
Elemanlar(a11,a22):
[ x^10, x^6 ]
------------------------------
25926
matris:
[x^10  x^8 x^10]
[ x^4  x^9  x^9]
[ x^8 x^11  x^6]
Katsayilar(b0,b1):
[ x^3, x^5 ]
Elemanlar(a11,a22):
[ x^10, x^9 ]
------------------------------
26089
matris:
[x^10  x^4  x^8]
[ x^8  x^9 x^11]
[x^10  x^9  x^6]
Katsayilar(b0,b1):
[ x^14, x^3 ]
Elemanlar(a11,a22):
[ x^10, x^9 ]
------------------------------
27420
matris:
[x^11  x^9 x^11]
[x^11  x^2 x^10]
[x^10  x^7  x^7]
Katsayilar(b0,b1):
[ x^12, x^14 ]
Elemanlar(a11,a22):
[ x^11, x^2 ]
------------------------------
27449
matris:
[x^11 x^11 x^10]
[ x^9  x^2  x^7]
[x^11 x^10  x^7]
Katsayilar(b0,b1):
[ x^14, x^13 ]
Elemanlar(a11,a22):
[ x^11, x^2 ]
------------------------------
28560
matris:
[x^11 x^10 x^11]
[x^11  x^7 x^10]
[ x^9  x^7  x^2]
Katsayilar(b0,b1):
[ x^13, x^14 ]
Elemanlar(a11,a22):
[ x^11, x^7 ]
------------------------------
28573
matris:
[x^11 x^11  x^9]
[x^10  x^7  x^7]
[x^11 x^10  x^2]
Katsayilar(b0,b1):
[ x^14, x^12 ]
Elemanlar(a11,a22):
[ x^11, x^7 ]
------------------------------
