3828
matris:
[ x^2  x^8 x^10]
[ x^9  x^7 x^11]
[x^10 x^10 x^11]
Katsayilar(b0,b1):
[ 1, x^2 ]
Elemanlar(a11,a22):
[ x^2, x^7 ]
------------------------------
3843
matris:
[ x^2  x^9 x^10]
[ x^8  x^7 x^10]
[x^10 x^11 x^11]
Katsayilar(b0,b1):
[ x, x^2 ]
Elemanlar(a11,a22):
[ x^2, x^7 ]
------------------------------
4531
matris:
[ x^2 x^10  x^8]
[x^10 x^11 x^10]
[ x^9 x^11  x^7]
Katsayilar(b0,b1):
[ x^2, 1 ]
Elemanlar(a11,a22):
[ x^2, x^11 ]
------------------------------
4532
matris:
[ x^2 x^10  x^9]
[x^10 x^11 x^11]
[ x^8 x^10  x^7]
Katsayilar(b0,b1):
[ x^2, x ]
Elemanlar(a11,a22):
[ x^2, x^11 ]
------------------------------
15252
matris:
[ x^6  x^9  x^9]
[x^11  x^9  x^7]
[ x^9  x^5 x^10]
Katsayilar(b0,b1):
[ x^11, x^11 ]
Elemanlar(a11,a22):
[ x^6, x^9 ]
------------------------------
15265
matris:
[ x^6 x^10  x^7]
[x^10  x^9  x^4]
[x^11  x^8 x^10]
Katsayilar(b0,b1):
[ x^12, x^9 ]
Elemanlar(a11,a22):
[ x^6, x^9 ]
------------------------------
15269
matris:
[ x^6 x^10 x^11]
[x^10  x^9  x^8]
[ x^7  x^4 x^10]
Katsayilar(b0,b1):
[ x^12, x^13 ]
Elemanlar(a11,a22):
[ x^6, x^9 ]
------------------------------
15282
matris:
[ x^6 x^11  x^9]
[ x^9  x^9  x^5]
[ x^9  x^7 x^10]
Katsayilar(b0,b1):
[ x^13, x^11 ]
Elemanlar(a11,a22):
[ x^6, x^9 ]
------------------------------
15448
matris:
[ x^6  x^7 x^10]
[x^11 x^10  x^8]
[x^10  x^4  x^9]
Katsayilar(b0,b1):
[ x^9, x^12 ]
Elemanlar(a11,a22):
[ x^6, x^10 ]
------------------------------
15477
matris:
[ x^6  x^9  x^9]
[ x^9 x^10  x^5]
[x^11  x^7  x^9]
Katsayilar(b0,b1):
[ x^11, x^11 ]
Elemanlar(a11,a22):
[ x^6, x^10 ]
------------------------------
15479
matris:
[ x^6  x^9 x^11]
[ x^9 x^10  x^7]
[ x^9  x^5  x^9]
Katsayilar(b0,b1):
[ x^11, x^13 ]
Elemanlar(a11,a22):
[ x^6, x^10 ]
------------------------------
15508
matris:
[ x^6 x^11 x^10]
[ x^7 x^10  x^4]
[x^10  x^8  x^9]
Katsayilar(b0,b1):
[ x^13, x^12 ]
Elemanlar(a11,a22):
[ x^6, x^10 ]
------------------------------
16428
matris:
[ x^7  x^9 x^11]
[ x^8  x^2 x^10]
[x^10 x^10 x^11]
Katsayilar(b0,b1):
[ 1, x^2 ]
Elemanlar(a11,a22):
[ x^7, x^2 ]
------------------------------
16637
matris:
[ x^7  x^8 x^10]
[ x^9  x^2 x^10]
[x^11 x^10 x^11]
Katsayilar(b0,b1):
[ x^14, x ]
Elemanlar(a11,a22):
[ x^7, x^2 ]
------------------------------
18030
matris:
[ x^7 x^10  x^8]
[x^11 x^11 x^10]
[ x^9 x^10  x^2]
Katsayilar(b0,b1):
[ x, x^14 ]
Elemanlar(a11,a22):
[ x^7, x^11 ]
------------------------------
18031
matris:
[ x^7 x^11  x^9]
[x^10 x^11 x^10]
[ x^8 x^10  x^2]
Katsayilar(b0,b1):
[ x^2, 1 ]
Elemanlar(a11,a22):
[ x^7, x^11 ]
------------------------------
22769
matris:
[ x^9  x^9  x^5]
[x^11  x^6  x^9]
[ x^7  x^9 x^10]
Katsayilar(b0,b1):
[ x^2, x^13 ]
Elemanlar(a11,a22):
[ x^9, x^6 ]
------------------------------
22772
matris:
[ x^9 x^10  x^8]
[x^10  x^6 x^11]
[ x^4  x^7 x^10]
Katsayilar(b0,b1):
[ x^3, x ]
Elemanlar(a11,a22):
[ x^9, x^6 ]
------------------------------
22783
matris:
[ x^9 x^10  x^4]
[x^10  x^6  x^7]
[ x^8 x^11 x^10]
Katsayilar(b0,b1):
[ x^3, x^12 ]
Elemanlar(a11,a22):
[ x^9, x^6 ]
------------------------------
22786
matris:
[ x^9 x^11  x^7]
[ x^9  x^6  x^9]
[ x^5  x^9 x^10]
Katsayilar(b0,b1):
[ x^4, 1 ]
Elemanlar(a11,a22):
[ x^9, x^6 ]
------------------------------
23180
matris:
[ x^9  x^7 x^11]
[ x^5 x^10  x^9]
[ x^9  x^9  x^6]
Katsayilar(b0,b1):
[ 1, x^4 ]
Elemanlar(a11,a22):
[ x^9, x^10 ]
------------------------------
23194
matris:
[ x^9  x^8 x^10]
[ x^4 x^10  x^7]
[x^10 x^11  x^6]
Katsayilar(b0,b1):
[ x, x^3 ]
Elemanlar(a11,a22):
[ x^9, x^10 ]
------------------------------
23359
matris:
[ x^9  x^4 x^10]
[ x^8 x^10 x^11]
[x^10  x^7  x^6]
Katsayilar(b0,b1):
[ x^12, x^3 ]
Elemanlar(a11,a22):
[ x^9, x^10 ]
------------------------------
23373
matris:
[ x^9  x^5  x^9]
[ x^7 x^10  x^9]
[x^11  x^9  x^6]
Katsayilar(b0,b1):
[ x^13, x^2 ]
Elemanlar(a11,a22):
[ x^9, x^10 ]
------------------------------
25245
matris:
[x^10  x^7  x^4]
[x^11  x^6 x^10]
[ x^8 x^10  x^9]
Katsayilar(b0,b1):
[ x^2, x^14 ]
Elemanlar(a11,a22):
[ x^10, x^6 ]
------------------------------
25261
matris:
[x^10  x^9  x^5]
[ x^9  x^6  x^9]
[ x^7 x^11  x^9]
Katsayilar(b0,b1):
[ x^4, 1 ]
Elemanlar(a11,a22):
[ x^10, x^6 ]
------------------------------
25263
matris:
[x^10  x^9  x^7]
[ x^9  x^6 x^11]
[ x^5  x^9  x^9]
Katsayilar(b0,b1):
[ x^4, x^2 ]
Elemanlar(a11,a22):
[ x^10, x^6 ]
------------------------------
25294
matris:
[x^10 x^11  x^8]
[ x^7  x^6 x^10]
[ x^4 x^10  x^9]
Katsayilar(b0,b1):
[ x^6, x^3 ]
Elemanlar(a11,a22):
[ x^10, x^6 ]
------------------------------
25880
matris:
[x^10  x^5  x^9]
[ x^7  x^9 x^11]
[ x^9  x^9  x^6]
Katsayilar(b0,b1):
[ 1, x^4 ]
Elemanlar(a11,a22):
[ x^10, x^9 ]
------------------------------
25910
matris:
[x^10  x^7  x^9]
[ x^5  x^9  x^9]
[ x^9 x^11  x^6]
Katsayilar(b0,b1):
[ x^2, x^4 ]
Elemanlar(a11,a22):
[ x^10, x^9 ]
------------------------------
25927
matris:
[x^10  x^8 x^11]
[ x^4  x^9 x^10]
[ x^7 x^10  x^6]
Katsayilar(b0,b1):
[ x^3, x^6 ]
Elemanlar(a11,a22):
[ x^10, x^9 ]
------------------------------
26088
matris:
[x^10  x^4  x^7]
[ x^8  x^9 x^10]
[x^11 x^10  x^6]
Katsayilar(b0,b1):
[ x^14, x^2 ]
Elemanlar(a11,a22):
[ x^10, x^9 ]
------------------------------
27434
matris:
[x^11 x^10 x^10]
[x^10  x^2  x^8]
[x^11  x^9  x^7]
Katsayilar(b0,b1):
[ x^13, x^13 ]
Elemanlar(a11,a22):
[ x^11, x^2 ]
------------------------------
27435
matris:
[x^11 x^10 x^11]
[x^10  x^2  x^9]
[x^10  x^8  x^7]
Katsayilar(b0,b1):
[ x^13, x^14 ]
Elemanlar(a11,a22):
[ x^11, x^2 ]
------------------------------
28559
matris:
[x^11 x^10 x^10]
[x^11  x^7  x^9]
[x^10  x^8  x^2]
Katsayilar(b0,b1):
[ x^13, x^13 ]
Elemanlar(a11,a22):
[ x^11, x^7 ]
------------------------------
28574
matris:
[x^11 x^11 x^10]
[x^10  x^7  x^8]
[x^10  x^9  x^2]
Katsayilar(b0,b1):
[ x^14, x^13 ]
Elemanlar(a11,a22):
[ x^11, x^7 ]
------------------------------
